question_id,f0,f1,f2,f3,f4,f5,f6,f7,f8,r1,r2,s,ground_truth
43e1b3e2-ddb4-4190-95e8-4813d2ccee73,0.56989354,0.36956003,0.25054798,0.36956003,0.56989354,0.36956003,0.25054798,0.36956003,0.71428573,0,0.6931471805599453,1.1397871,4
43e1b3e2-ddb4-4190-95e8-4813d2ccee73,0.27983698,0.0,0.0,0.0,0.27983698,0.0,0.0,0.0,0.42857146,1,0.4054651081081644,0.55967396,0
43e1b3e2-ddb4-4190-95e8-4813d2ccee73,0.17414078,0.0,0.0,0.0046323417,0.17414078,0.0,0.0,0.0046323417,0.5714286,2,0.2876820724517809,0.34828156,0
43e1b3e2-ddb4-4190-95e8-4813d2ccee73,0.08387024,0.008618996,0.0,0.008618996,0.08387024,0.008618996,0.0,0.008618996,0.42857146,3,0.22314355131420976,0.16774048,0
43e1b3e2-ddb4-4190-95e8-4813d2ccee73,0.07019617,0.0,0.0,0.0,0.07019617,0.0,0.0,0.0,0.42857146,4,0.18232155679395462,0.14039233,0
43e1b3e2-ddb4-4190-95e8-4813d2ccee73,0.06330644,0.0,0.0,0.0,0.06330644,0.0,0.0,0.0,0.5714286,5,0.1541506798272583,0.12661289,0
43e1b3e2-ddb4-4190-95e8-4813d2ccee73,0.0631015,0.0,0.0015422315,0.0,0.0631015,0.0,0.0015422315,0.0,0.42857146,6,0.13353139262452263,0.126203,0
43e1b3e2-ddb4-4190-95e8-4813d2ccee73,0.060424797,0.0034869548,0.0,0.0034869548,0.060424797,0.0034869548,0.0,0.0034869548,0.5714286,7,0.11778303565638346,0.120849594,0
43e1b3e2-ddb4-4190-95e8-4813d2ccee73,0.047038432,0.0,0.0,0.0,0.047038432,0.0,0.0,0.0,0.2857143,8,0.1053605156578263,0.094076864,0
43e1b3e2-ddb4-4190-95e8-4813d2ccee73,0.045016926,0.0,0.0,0.0,0.045016926,0.0,0.0,0.0,0.2857143,9,0.09531017980432487,0.09003385,0
4fc474a4-0977-41b1-8fd7-ab9fcc972386,0.56989354,0.36956003,0.25054798,0.36956003,0.56989354,0.36956003,0.25054798,0.36956003,0.71428573,0,0.6931471805599453,1.1397871,4
4fc474a4-0977-41b1-8fd7-ab9fcc972386,0.36841953,0.0,0.0,0.0,0.36841953,0.0,0.0,0.0,0.5714286,1,0.4054651081081644,0.73683906,0
4fc474a4-0977-41b1-8fd7-ab9fcc972386,0.19109966,0.0,0.0,0.0,0.19109966,0.0,0.0,0.0,0.2857143,2,0.2876820724517809,0.38219932,0
4fc474a4-0977-41b1-8fd7-ab9fcc972386,0.16796672,0.0,0.0,0.0046323417,0.16796672,0.0,0.0,0.0046323417,0.42857146,3,0.22314355131420976,0.33593345,0
4fc474a4-0977-41b1-8fd7-ab9fcc972386,0.14219731,0.02200901,0.0,0.02200901,0.14219731,0.02200901,0.0,0.02200901,0.42857146,4,0.18232155679395462,0.28439462,0
4fc474a4-0977-41b1-8fd7-ab9fcc972386,0.0631015,0.0,0.0015422315,0.0,0.0631015,0.0,0.0015422315,0.0,0.42857146,5,0.1541506798272583,0.126203,0
4fc474a4-0977-41b1-8fd7-ab9fcc972386,0.05659227,0.0,0.0,0.0,0.05659227,0.0,0.0,0.0,0.2857143,6,0.13353139262452263,0.11318454,0
4fc474a4-0977-41b1-8fd7-ab9fcc972386,0.054250743,0.0034869548,0.0,0.0034869548,0.054250743,0.0034869548,0.0,0.0034869548,0.42857146,7,0.11778303565638346,0.10850149,0
4fc474a4-0977-41b1-8fd7-ab9fcc972386,0.052796487,0.0,0.0,0.0,0.052796487,0.0,0.0,0.0,0.2857143,8,0.1053605156578263,0.10559297,0
4fc474a4-0977-41b1-8fd7-ab9fcc972386,0.047038432,0.0,0.0,0.0,0.047038432,0.0,0.0,0.0,0.2857143,9,0.09531017980432487,0.094076864,0
d9d3c7af-e202-4c7e-9eea-b90c33ca7d3a,0.6930666,0.36956003,0.25054798,0.3817674,0.6930666,0.36956003,0.25054798,0.3817674,0.8571429,0,0.6931471805599453,1.3861332,4
d9d3c7af-e202-4c7e-9eea-b90c33ca7d3a,0.48731405,0.049303345,0.0,0.05625017,0.48731405,0.049303345,0.0,0.05625017,0.5714286,1,0.4054651081081644,0.9746281,0
d9d3c7af-e202-4c7e-9eea-b90c33ca7d3a,0.44172984,0.0,0.0,0.0046323417,0.44172984,0.0,0.0,0.0046323417,0.71428573,2,0.2876820724517809,0.8834597,0
d9d3c7af-e202-4c7e-9eea-b90c33ca7d3a,0.19435845,0.0,0.0,0.0,0.19435845,0.0,0.0,0.0,0.14285715,3,0.22314355131420976,0.3887169,0
d9d3c7af-e202-4c7e-9eea-b90c33ca7d3a,0.16292879,0.0,0.0,0.0,0.16292879,0.0,0.0,0.0,0.5714286,4,0.18232155679395462,0.32585758,0
d9d3c7af-e202-4c7e-9eea-b90c33ca7d3a,0.105796404,0.0,0.0,0.0,0.105796404,0.0,0.0,0.0,0.14285715,5,0.1541506798272583,0.21159281,0
d9d3c7af-e202-4c7e-9eea-b90c33ca7d3a,0.0631015,0.0,0.0015422315,0.0,0.0631015,0.0,0.0015422315,0.0,0.42857146,6,0.13353139262452263,0.126203,0
d9d3c7af-e202-4c7e-9eea-b90c33ca7d3a,0.05659227,0.0,0.0,0.0,0.05659227,0.0,0.0,0.0,0.2857143,7,0.11778303565638346,0.11318454,0
d9d3c7af-e202-4c7e-9eea-b90c33ca7d3a,0.054250743,0.0034869548,0.0,0.0034869548,0.054250743,0.0034869548,0.0,0.0034869548,0.42857146,8,0.1053605156578263,0.10850149,0
d9d3c7af-e202-4c7e-9eea-b90c33ca7d3a,0.052796487,0.0,0.0,0.0,0.052796487,0.0,0.0,0.0,0.2857143,9,0.09531017980432487,0.10559297,0
83e5206e-92e8-471d-864a-1fb126e152a7,1.6147165,0.8711161,0.41877592,0.8711161,1.6147165,0.8711161,0.41877592,0.8711161,0.75,0,0.6931471805599453,3.229433,3
83e5206e-92e8-471d-864a-1fb126e152a7,0.42018685,0.0,0.0,0.0,0.42018685,0.0,0.0,0.0,0.375,1,0.4054651081081644,0.8403737,0
83e5206e-92e8-471d-864a-1fb126e152a7,0.34244892,0.0,0.0,0.0,0.34244892,0.0,0.0,0.0,0.125,2,0.2876820724517809,0.68489784,0
83e5206e-92e8-471d-864a-1fb126e152a7,0.22649708,0.0,0.0,0.0,0.22649708,0.0,0.0,0.0,0.125,3,0.22314355131420976,0.45299417,0
83e5206e-92e8-471d-864a-1fb126e152a7,0.14235584,0.0,0.0,0.0,0.14235584,0.0,0.0,0.0,0.125,4,0.18232155679395462,0.2847117,0
83e5206e-92e8-471d-864a-1fb126e152a7,0.13113022,0.0,0.0,0.0,0.13113022,0.0,0.0,0.0,0.125,5,0.1541506798272583,0.26226044,0
83e5206e-92e8-471d-864a-1fb126e152a7,0.13113022,0.0,0.0,0.0,0.13113022,0.0,0.0,0.0,0.125,6,0.13353139262452263,0.26226044,0
83e5206e-92e8-471d-864a-1fb126e152a7,0.123173065,0.0,0.0,0.0,0.123173065,0.0,0.0,0.0,0.125,7,0.11778303565638346,0.24634613,0
83e5206e-92e8-471d-864a-1fb126e152a7,0.123173065,0.0,0.0,0.0,0.123173065,0.0,0.0,0.0,0.125,8,0.1053605156578263,0.24634613,0
50283d69-7edf-4b0e-9cfb-ffd07c3abcd6,1.6725551,0.94001544,0.42335525,0.94001544,1.6725551,0.94001544,0.42335525,0.94001544,0.75,0,0.6931471805599453,3.3451102,3
50283d69-7edf-4b0e-9cfb-ffd07c3abcd6,0.40489334,0.0,0.0,0.0,0.40489334,0.0,0.0,0.0,0.375,1,0.4054651081081644,0.8097867,0
50283d69-7edf-4b0e-9cfb-ffd07c3abcd6,0.29621437,0.0,0.0,0.0069468264,0.29621437,0.0,0.0,0.0069468264,0.25,2,0.2876820724517809,0.59242874,0
50283d69-7edf-4b0e-9cfb-ffd07c3abcd6,0.2738154,0.0,0.0,0.0,0.2738154,0.0,0.0,0.0,0.375,3,0.22314355131420976,0.5476308,0
50283d69-7edf-4b0e-9cfb-ffd07c3abcd6,0.19435845,0.0,0.0,0.0,0.19435845,0.0,0.0,0.0,0.125,4,0.18232155679395462,0.3887169,0
50283d69-7edf-4b0e-9cfb-ffd07c3abcd6,0.1485069,0.0,0.0,0.0,0.1485069,0.0,0.0,0.0,0.125,5,0.1541506798272583,0.2970138,0
50283d69-7edf-4b0e-9cfb-ffd07c3abcd6,0.123173065,0.0,0.0,0.0,0.123173065,0.0,0.0,0.0,0.125,6,0.13353139262452263,0.24634613,0
50283d69-7edf-4b0e-9cfb-ffd07c3abcd6,0.105796404,0.0,0.0,0.0,0.105796404,0.0,0.0,0.0,0.125,7,0.11778303565638346,0.21159281,0
50283d69-7edf-4b0e-9cfb-ffd07c3abcd6,0.06921507,0.0,0.0,0.0,0.06921507,0.0,0.0,0.0,0.125,8,0.1053605156578263,0.13843013,0
50283d69-7edf-4b0e-9cfb-ffd07c3abcd6,0.036757886,0.0,0.0,0.0,0.036757886,0.0,0.0,0.0,0.125,9,0.09531017980432487,0.07351577,0
aad5f83d-5702-43f1-8039-cf4d1b3b0d4e,0.8165753,0.4418801,0.25548562,0.46446967,0.8165753,0.4418801,0.25548562,0.46446967,0.7777778,0,0.6931471805599453,1.6331506,4
aad5f83d-5702-43f1-8039-cf4d1b3b0d4e,0.6306249,0.0665869,0.015857963,0.067119636,0.6306249,0.0665869,0.015857963,0.067119636,0.44444445,1,0.4054651081081644,1.2612498,0
aad5f83d-5702-43f1-8039-cf4d1b3b0d4e,0.28906623,0.0,0.0,0.0,0.28906623,0.0,0.0,0.0,0.6666667,2,0.2876820724517809,0.57813245,0
aad5f83d-5702-43f1-8039-cf4d1b3b0d4e,0.26440448,0.0,0.0,0.020219592,0.26440448,0.0,0.0,0.020219592,0.33333334,3,0.22314355131420976,0.52880895,0
aad5f83d-5702-43f1-8039-cf4d1b3b0d4e,0.24235405,0.0,0.0034869548,0.0,0.24235405,0.0,0.0034869548,0.0,0.44444445,4,0.18232155679395462,0.4847081,0
aad5f83d-5702-43f1-8039-cf4d1b3b0d4e,0.15768526,0.0,0.0,0.0,0.15768526,0.0,0.0,0.0,0.44444445,5,0.1541506798272583,0.31537053,0
aad5f83d-5702-43f1-8039-cf4d1b3b0d4e,0.14800806,0.0,0.0,0.0,0.14800806,0.0,0.0,0.0,0.33333334,6,0.13353139262452263,0.29601613,0
aad5f83d-5702-43f1-8039-cf4d1b3b0d4e,0.13923435,0.0,1.9454763E-5,0.0,0.13923435,0.0,1.9454763E-5,0.0,0.33333334,7,0.11778303565638346,0.2784687,0
aad5f83d-5702-43f1-8039-cf4d1b3b0d4e,0.10064464,0.0,0.0,0.0,0.10064464,0.0,0.0,0.0,0.22222222,8,0.1053605156578263,0.20128928,0
aad5f83d-5702-43f1-8039-cf4d1b3b0d4e,0.091429606,0.0,0.0,0.0,0.091429606,0.0,0.0,0.0,0.22222222,9,0.09531017980432487,0.18285921,0
963ef932-b37f-473e-8f9c-80eba6a85f01,1.2427803,0.73040116,0.2224437,0.74528766,1.2427803,0.73040116,0.2224437,0.74528766,0.7777778,0,0.6931471805599453,2.4855607,4
963ef932-b37f-473e-8f9c-80eba6a85f01,0.84497833,0.08522582,0.019816715,0.12870103,0.84497833,0.08522582,0.019816715,0.12870103,0.5555556,1,0.4054651081081644,1.6899567,0
963ef932-b37f-473e-8f9c-80eba6a85f01,0.4902199,0.0,0.0,0.020219592,0.4902199,0.0,0.0,0.020219592,0.33333334,2,0.2876820724517809,0.9804398,0
963ef932-b37f-473e-8f9c-80eba6a85f01,0.34244892,0.0,0.0,0.0,0.34244892,0.0,0.0,0.0,0.11111111,3,0.22314355131420976,0.68489784,0
963ef932-b37f-473e-8f9c-80eba6a85f01,0.31563646,0.0,0.0,0.0,0.31563646,0.0,0.0,0.0,0.22222222,4,0.18232155679395462,0.6312729,0
963ef932-b37f-473e-8f9c-80eba6a85f01,0.21159281,0.0,0.0,0.0,0.21159281,0.0,0.0,0.0,0.22222222,5,0.1541506798272583,0.42318562,0
963ef932-b37f-473e-8f9c-80eba6a85f01,0.123173065,0.0,0.0,0.0,0.123173065,0.0,0.0,0.0,0.11111111,6,0.13353139262452263,0.24634613,0
963ef932-b37f-473e-8f9c-80eba6a85f01,0.123173065,0.0,0.0,0.0,0.123173065,0.0,0.0,0.0,0.11111111,7,0.11778303565638346,0.24634613,0
963ef932-b37f-473e-8f9c-80eba6a85f01,0.11702202,0.0,0.0,0.0,0.11702202,0.0,0.0,0.0,0.11111111,8,0.1053605156578263,0.23404405,0
963ef932-b37f-473e-8f9c-80eba6a85f01,0.105796404,0.0,0.0,0.0,0.105796404,0.0,0.0,0.0,0.11111111,9,0.09531017980432487,0.21159281,0
c58109c0-5be3-4f37-846f-452e0387c14f,0.24387375,0.0,0.0,0.0,0.24387375,0.0,0.0,0.0,0.5,0,0.6931471805599453,0.4877475,4
c58109c0-5be3-4f37-846f-452e0387c14f,0.23772271,0.0,0.0,0.0,0.23772271,0.0,0.0,0.0,0.5,1,0.4054651081081644,0.47544542,0
c58109c0-5be3-4f37-846f-452e0387c14f,0.1914972,0.0,0.0,0.0,0.1914972,0.0,0.0,0.0,0.5,2,0.2876820724517809,0.3829944,0
c58109c0-5be3-4f37-846f-452e0387c14f,0.17919235,0.0,0.0,0.0,0.17919235,0.0,0.0,0.0,0.5,3,0.22314355131420976,0.3583847,0
c58109c0-5be3-4f37-846f-452e0387c14f,0.16796672,0.0,0.0,0.0,0.16796672,0.0,0.0,0.0,0.5,4,0.18232155679395462,0.33593345,0
2cbe039c-b0a6-4e2c-8f7f-11c604b346cd,0.44615597,0.20747003,0.03950331,0.20747003,0.44615597,0.20747003,0.03950331,0.20747003,0.75,0,0.6931471805599453,0.89231193,4
2cbe039c-b0a6-4e2c-8f7f-11c604b346cd,0.24387375,0.0,0.0,0.0,0.24387375,0.0,0.0,0.0,0.25,1,0.4054651081081644,0.4877475,0
2cbe039c-b0a6-4e2c-8f7f-11c604b346cd,0.23772271,0.0,0.0,0.0,0.23772271,0.0,0.0,0.0,0.25,2,0.2876820724517809,0.47544542,0
2cbe039c-b0a6-4e2c-8f7f-11c604b346cd,0.08873733,0.0,0.0,0.0,0.08873733,0.0,0.0,0.0,0.25,3,0.22314355131420976,0.17747466,0
2cbe039c-b0a6-4e2c-8f7f-11c604b346cd,0.042478822,0.0,0.0,0.0,0.042478822,0.0,0.0,0.0,0.25,4,0.18232155679395462,0.084957644,0
2cbe039c-b0a6-4e2c-8f7f-11c604b346cd,0.032565787,0.0,0.0,0.0,0.032565787,0.0,0.0,0.0,0.25,5,0.1541506798272583,0.065131575,0
2cbe039c-b0a6-4e2c-8f7f-11c604b346cd,0.032565787,0.0,0.0,0.0,0.032565787,0.0,0.0,0.0,0.25,6,0.13353139262452263,0.065131575,0
2cbe039c-b0a6-4e2c-8f7f-11c604b346cd,0.02970454,0.0,0.0,0.0,0.02970454,0.0,0.0,0.0,0.25,7,0.11778303565638346,0.05940908,0
2cbe039c-b0a6-4e2c-8f7f-11c604b346cd,0.02970454,0.0,0.0,0.0,0.02970454,0.0,0.0,0.0,0.25,8,0.1053605156578263,0.05940908,0
2cbe039c-b0a6-4e2c-8f7f-11c604b346cd,0.02727797,0.0,0.0,0.0,0.02727797,0.0,0.0,0.0,0.25,9,0.09531017980432487,0.05455594,0
770e15d2-299f-46da-aa62-e65eefc9daaf,0.34244892,0.0,0.0,0.0,0.34244892,0.0,0.0,0.0,0.33333334,0,0.6931471805599453,0.68489784,0
770e15d2-299f-46da-aa62-e65eefc9daaf,0.14766973,0.0,0.0,0.0,0.14766973,0.0,0.0,0.0,0.33333334,1,0.4054651081081644,0.29533947,4
770e15d2-299f-46da-aa62-e65eefc9daaf,0.123173065,0.0,0.0,0.0,0.123173065,0.0,0.0,0.0,0.33333334,2,0.2876820724517809,0.24634613,0
770e15d2-299f-46da-aa62-e65eefc9daaf,0.079469554,0.0,0.0,0.0,0.079469554,0.0,0.0,0.0,0.33333334,3,0.22314355131420976,0.15893911,0
770e15d2-299f-46da-aa62-e65eefc9daaf,0.079469554,0.0,0.0,0.0,0.079469554,0.0,0.0,0.0,0.33333334,4,0.18232155679395462,0.15893911,0
770e15d2-299f-46da-aa62-e65eefc9daaf,0.079469554,0.0,0.0,0.0,0.079469554,0.0,0.0,0.0,0.33333334,5,0.1541506798272583,0.15893911,0
770e15d2-299f-46da-aa62-e65eefc9daaf,0.079469554,0.0,0.0,0.0,0.079469554,0.0,0.0,0.0,0.33333334,6,0.13353139262452263,0.15893911,0
770e15d2-299f-46da-aa62-e65eefc9daaf,0.07331851,0.0,0.0,0.0,0.07331851,0.0,0.0,0.0,0.33333334,7,0.11778303565638346,0.14663702,0
770e15d2-299f-46da-aa62-e65eefc9daaf,0.07331851,0.0,0.0,0.0,0.07331851,0.0,0.0,0.0,0.33333334,8,0.1053605156578263,0.14663702,0
8092ecc0-77fe-4e2d-b336-14631d84c142,0.28545463,0.070340104,0.0,0.070340104,0.28545463,0.070340104,0.0,0.070340104,0.6666667,0,0.6931471805599453,0.57090926,0
8092ecc0-77fe-4e2d-b336-14631d84c142,0.247601,0.0,0.0,0.0,0.247601,0.0,0.0,0.0,0.33333334,1,0.4054651081081644,0.495202,4
8092ecc0-77fe-4e2d-b336-14631d84c142,0.08873733,0.0,0.0,0.0,0.08873733,0.0,0.0,0.0,0.33333334,2,0.2876820724517809,0.17747466,0
8092ecc0-77fe-4e2d-b336-14631d84c142,0.042478822,0.0,0.0,0.0,0.042478822,0.0,0.0,0.0,0.33333334,3,0.22314355131420976,0.084957644,0
8092ecc0-77fe-4e2d-b336-14631d84c142,0.032565787,0.0,0.0,0.0,0.032565787,0.0,0.0,0.0,0.33333334,4,0.18232155679395462,0.065131575,0
8092ecc0-77fe-4e2d-b336-14631d84c142,0.02970454,0.0,0.0,0.0,0.02970454,0.0,0.0,0.0,0.33333334,5,0.1541506798272583,0.05940908,0
8092ecc0-77fe-4e2d-b336-14631d84c142,0.02970454,0.0,0.0,0.0,0.02970454,0.0,0.0,0.0,0.33333334,6,0.13353139262452263,0.05940908,0
8092ecc0-77fe-4e2d-b336-14631d84c142,0.02727797,0.0,0.0,0.0,0.02727797,0.0,0.0,0.0,0.33333334,7,0.11778303565638346,0.05455594,0
8092ecc0-77fe-4e2d-b336-14631d84c142,0.023550723,0.0,0.0,0.0,0.023550723,0.0,0.0,0.0,0.33333334,8,0.1053605156578263,0.047101445,0
8092ecc0-77fe-4e2d-b336-14631d84c142,0.017399678,0.0,0.0,0.0,0.017399678,0.0,0.0,0.0,0.33333334,9,0.09531017980432487,0.034799356,0
7e070a2d-b5b1-4f75-b764-c27d9892fb38,0.81146663,0.52160925,0.23504055,0.52160925,0.81146663,0.52160925,0.23504055,0.52160925,0.6666667,0,0.6931471805599453,1.6229333,4
7e070a2d-b5b1-4f75-b764-c27d9892fb38,0.34244892,0.0,0.0,0.0,0.34244892,0.0,0.0,0.0,0.33333334,1,0.4054651081081644,0.68489784,0
7e070a2d-b5b1-4f75-b764-c27d9892fb38,0.17157523,0.016391626,0.0,0.016391626,0.17157523,0.016391626,0.0,0.016391626,0.33333334,2,0.2876820724517809,0.34315047,0
7e070a2d-b5b1-4f75-b764-c27d9892fb38,0.123173065,0.0,0.0,0.0,0.123173065,0.0,0.0,0.0,0.16666667,3,0.22314355131420976,0.24634613,0
7e070a2d-b5b1-4f75-b764-c27d9892fb38,0.10844964,0.027617248,0.0,0.039239857,0.10844964,0.027617248,0.0,0.039239857,0.33333334,4,0.18232155679395462,0.21689928,0
7e070a2d-b5b1-4f75-b764-c27d9892fb38,0.09343328,0.0,0.0,0.0,0.09343328,0.0,0.0,0.0,0.33333334,5,0.1541506798272583,0.18686657,0
7e070a2d-b5b1-4f75-b764-c27d9892fb38,0.0811312,0.0,0.0,0.0,0.0811312,0.0,0.0,0.0,0.33333334,6,0.13353139262452263,0.1622624,0
7e070a2d-b5b1-4f75-b764-c27d9892fb38,0.079469554,0.0,0.0,0.0,0.079469554,0.0,0.0,0.0,0.16666667,7,0.11778303565638346,0.15893911,0
7e070a2d-b5b1-4f75-b764-c27d9892fb38,0.06209289,0.016391626,0.0,0.016391626,0.06209289,0.016391626,0.0,0.016391626,0.33333334,8,0.1053605156578263,0.12418578,0
7e070a2d-b5b1-4f75-b764-c27d9892fb38,0.035131123,0.0,0.0,0.0,0.035131123,0.0,0.0,0.0,0.16666667,9,0.09531017980432487,0.070262246,0
0e0393d0-1ec5-47af-a015-de36d1aeadb6,0.44724727,0.0,0.0,0.0,0.44724727,0.0,0.0,0.0,0.4,0,0.6931471805599453,0.89449453,0
0e0393d0-1ec5-47af-a015-de36d1aeadb6,0.29621437,0.0,0.0,0.0069468264,0.29621437,0.0,0.0,0.0069468264,0.4,1,0.4054651081081644,0.59242874,0
0e0393d0-1ec5-47af-a015-de36d1aeadb6,0.27376312,0.0,0.0,0.0,0.27376312,0.0,0.0,0.0,0.4,2,0.2876820724517809,0.54752624,0
0e0393d0-1ec5-47af-a015-de36d1aeadb6,0.247601,0.0,0.0,0.0,0.247601,0.0,0.0,0.0,0.2,3,0.22314355131420976,0.495202,4
0e0393d0-1ec5-47af-a015-de36d1aeadb6,0.1914972,0.0,0.0,0.0,0.1914972,0.0,0.0,0.0,0.2,4,0.18232155679395462,0.3829944,0
0e0393d0-1ec5-47af-a015-de36d1aeadb6,0.17919235,0.0,0.0,0.0,0.17919235,0.0,0.0,0.0,0.2,5,0.1541506798272583,0.3583847,0
0e0393d0-1ec5-47af-a015-de36d1aeadb6,0.16796672,0.0,0.0,0.0,0.16796672,0.0,0.0,0.0,0.2,6,0.13353139262452263,0.33593345,0
0e0393d0-1ec5-47af-a015-de36d1aeadb6,0.123173065,0.0,0.0,0.0,0.123173065,0.0,0.0,0.0,0.2,7,0.11778303565638346,0.24634613,0
0e0393d0-1ec5-47af-a015-de36d1aeadb6,0.11702202,0.0,0.0,0.0,0.11702202,0.0,0.0,0.0,0.2,8,0.1053605156578263,0.23404405,0
0e0393d0-1ec5-47af-a015-de36d1aeadb6,0.105796404,0.0,0.0,0.0,0.105796404,0.0,0.0,0.0,0.2,9,0.09531017980432487,0.21159281,0
52c4ccf1-b825-4545-92bd-e552f0b38e91,0.33098483,0.22306037,0.0077697095,0.22306037,0.33098483,0.22306037,0.0077697095,0.22306037,0.75,0,0.6931471805599453,0.66196966,4
52c4ccf1-b825-4545-92bd-e552f0b38e91,0.247601,0.0,0.0,0.0,0.247601,0.0,0.0,0.0,0.25,1,0.4054651081081644,0.495202,0
52c4ccf1-b825-4545-92bd-e552f0b38e91,0.08873733,0.0,0.0,0.0,0.08873733,0.0,0.0,0.0,0.25,2,0.2876820724517809,0.17747466,0
52c4ccf1-b825-4545-92bd-e552f0b38e91,0.07350872,0.0,0.0,0.0,0.07350872,0.0,0.0,0.0,0.5,3,0.22314355131420976,0.14701743,0
52c4ccf1-b825-4545-92bd-e552f0b38e91,0.06733466,0.0,0.0,0.0,0.06733466,0.0,0.0,0.0,0.25,4,0.18232155679395462,0.13466932,0
52c4ccf1-b825-4545-92bd-e552f0b38e91,0.06161732,0.0,0.0,0.0,0.06161732,0.0,0.0,0.0,0.5,5,0.1541506798272583,0.12323464,0
52c4ccf1-b825-4545-92bd-e552f0b38e91,0.047763795,0.0,0.0,0.0,0.047763795,0.0,0.0,0.0,0.5,6,0.13353139262452263,0.09552759,0
52c4ccf1-b825-4545-92bd-e552f0b38e91,0.03651516,0.0,0.0,0.0,0.03651516,0.0,0.0,0.0,0.25,7,0.11778303565638346,0.07303032,0
52c4ccf1-b825-4545-92bd-e552f0b38e91,0.03651516,0.0,0.0,0.0,0.03651516,0.0,0.0,0.0,0.25,8,0.1053605156578263,0.07303032,0
52c4ccf1-b825-4545-92bd-e552f0b38e91,0.03651516,0.0,0.0,0.0,0.03651516,0.0,0.0,0.0,0.25,9,0.09531017980432487,0.07303032,0
b1510614-b600-4498-b04b-129a918e89f4,0.39314306,0.20826526,0.0,0.20826526,0.39314306,0.20826526,0.0,0.20826526,0.5,0,0.6931471805599453,0.7862861,4
b1510614-b600-4498-b04b-129a918e89f4,0.34244892,0.0,0.0,0.0,0.34244892,0.0,0.0,0.0,0.5,1,0.4054651081081644,0.68489784,0
b1510614-b600-4498-b04b-129a918e89f4,0.123173065,0.0,0.0,0.0,0.123173065,0.0,0.0,0.0,0.25,2,0.2876820724517809,0.24634613,0
b1510614-b600-4498-b04b-129a918e89f4,0.08873733,0.0,0.0,0.0,0.08873733,0.0,0.0,0.0,0.25,3,0.22314355131420976,0.17747466,0
b1510614-b600-4498-b04b-129a918e89f4,0.042478822,0.0,0.0,0.0,0.042478822,0.0,0.0,0.0,0.25,4,0.18232155679395462,0.084957644,0
b1510614-b600-4498-b04b-129a918e89f4,0.032565787,0.0,0.0,0.0,0.032565787,0.0,0.0,0.0,0.25,5,0.1541506798272583,0.065131575,0
b1510614-b600-4498-b04b-129a918e89f4,0.02970454,0.0,0.0,0.0,0.02970454,0.0,0.0,0.0,0.25,6,0.13353139262452263,0.05940908,0
b1510614-b600-4498-b04b-129a918e89f4,0.02970454,0.0,0.0,0.0,0.02970454,0.0,0.0,0.0,0.25,7,0.11778303565638346,0.05940908,0
b1510614-b600-4498-b04b-129a918e89f4,0.02727797,0.0,0.0,0.0,0.02727797,0.0,0.0,0.0,0.25,8,0.1053605156578263,0.05455594,0
b1510614-b600-4498-b04b-129a918e89f4,0.023550723,0.0,0.0,0.0,0.023550723,0.0,0.0,0.0,0.25,9,0.09531017980432487,0.047101445,0
f55704f8-2f2b-4b56-a781-e4a8359ebfbe,1.2464978,1.076249,0.5392536,1.076249,1.2464978,1.076249,0.5392536,1.076249,0.75,0,0.6931471805599453,2.4929955,4
f55704f8-2f2b-4b56-a781-e4a8359ebfbe,0.3849517,0.0,0.0,0.0069468264,0.3849517,0.0,0.0,0.0069468264,0.375,1,0.4054651081081644,0.7699034,0
f55704f8-2f2b-4b56-a781-e4a8359ebfbe,0.27993718,0.0,0.0,0.0,0.27993718,0.0,0.0,0.0,0.375,2,0.2876820724517809,0.55987436,0
f55704f8-2f2b-4b56-a781-e4a8359ebfbe,0.247601,0.0,0.0,0.0,0.247601,0.0,0.0,0.0,0.125,3,0.22314355131420976,0.495202,0
f55704f8-2f2b-4b56-a781-e4a8359ebfbe,0.22120175,0.067781515,0.0,0.067781515,0.22120175,0.067781515,0.0,0.067781515,0.25,4,0.18232155679395462,0.4424035,0
f55704f8-2f2b-4b56-a781-e4a8359ebfbe,0.19659203,0.0,0.0,0.0,0.19659203,0.0,0.0,0.0,0.25,5,0.1541506798272583,0.39318407,0
f55704f8-2f2b-4b56-a781-e4a8359ebfbe,0.18710522,0.0,0.0,0.0,0.18710522,0.0,0.0,0.0,0.25,6,0.13353139262452263,0.37421045,0
f55704f8-2f2b-4b56-a781-e4a8359ebfbe,0.17313106,0.0,0.0,0.0,0.17313106,0.0,0.0,0.0,0.25,7,0.11778303565638346,0.34626213,0
f55704f8-2f2b-4b56-a781-e4a8359ebfbe,0.16478582,0.0,0.0,0.0,0.16478582,0.0,0.0,0.0,0.375,8,0.1053605156578263,0.32957163,0
f55704f8-2f2b-4b56-a781-e4a8359ebfbe,0.123173065,0.0,0.0,0.0,0.123173065,0.0,0.0,0.0,0.125,9,0.09531017980432487,0.24634613,0
33bd4c07-a6c7-47f0-ae19-e926c79b90cc,0.7369798,0.15067583,0.056033198,0.15067583,0.7369798,0.15067583,0.056033198,0.15067583,0.71428573,0,0.6931471805599453,1.4739596,3
33bd4c07-a6c7-47f0-ae19-e926c79b90cc,0.39950058,0.01599941,0.029876918,0.01599941,0.39950058,0.01599941,0.029876918,0.01599941,0.5714286,1,0.4054651081081644,0.79900116,0
33bd4c07-a6c7-47f0-ae19-e926c79b90cc,0.3150758,0.0,0.022930091,0.008735464,0.3150758,0.0,0.022930091,0.008735464,0.42857146,2,0.2876820724517809,0.6301516,0
33bd4c07-a6c7-47f0-ae19-e926c79b90cc,0.3093214,0.0,0.0,0.0,0.3093214,0.0,0.0,0.0,0.2857143,3,0.22314355131420976,0.6186428,0
33bd4c07-a6c7-47f0-ae19-e926c79b90cc,0.2803889,0.0,0.0,0.0,0.2803889,0.0,0.0,0.0,0.2857143,4,0.18232155679395462,0.5607778,0
33bd4c07-a6c7-47f0-ae19-e926c79b90cc,0.13218857,0.03881139,0.0,0.03881139,0.13218857,0.03881139,0.0,0.03881139,0.42857146,5,0.1541506798272583,0.26437715,0
33bd4c07-a6c7-47f0-ae19-e926c79b90cc,0.12709099,0.051113483,0.0,0.051113483,0.12709099,0.051113483,0.0,0.051113483,0.2857143,6,0.13353139262452263,0.25418198,0
33bd4c07-a6c7-47f0-ae19-e926c79b90cc,0.09057582,0.0,0.0,0.0,0.09057582,0.0,0.0,0.0,0.14285715,7,0.11778303565638346,0.18115164,0
33bd4c07-a6c7-47f0-ae19-e926c79b90cc,0.09057582,0.0,0.0,0.0,0.09057582,0.0,0.0,0.0,0.14285715,8,0.1053605156578263,0.18115164,0
33bd4c07-a6c7-47f0-ae19-e926c79b90cc,0.08873733,0.0,0.0,0.0,0.08873733,0.0,0.0,0.0,0.14285715,9,0.09531017980432487,0.17747466,0
b00cc944-5308-46ba-9639-870577fda878,0.40279424,0.15067583,0.056033198,0.15067583,0.40279424,0.15067583,0.056033198,0.15067583,0.5714286,0,0.6931471805599453,0.8055885,3
b00cc944-5308-46ba-9639-870577fda878,0.39950058,0.01599941,0.029876918,0.01599941,0.39950058,0.01599941,0.029876918,0.01599941,0.5714286,1,0.4054651081081644,0.79900116,0
b00cc944-5308-46ba-9639-870577fda878,0.34244892,0.0,0.0,0.0,0.34244892,0.0,0.0,0.0,0.14285715,2,0.2876820724517809,0.68489784,0
b00cc944-5308-46ba-9639-870577fda878,0.3150758,0.0,0.022930091,0.008735464,0.3150758,0.0,0.022930091,0.008735464,0.42857146,3,0.22314355131420976,0.6301516,0
b00cc944-5308-46ba-9639-870577fda878,0.3093214,0.0,0.0,0.0,0.3093214,0.0,0.0,0.0,0.2857143,4,0.18232155679395462,0.6186428,0
b00cc944-5308-46ba-9639-870577fda878,0.12709099,0.051113483,0.0,0.051113483,0.12709099,0.051113483,0.0,0.051113483,0.2857143,5,0.1541506798272583,0.25418198,0
b00cc944-5308-46ba-9639-870577fda878,0.123173065,0.0,0.0,0.0,0.123173065,0.0,0.0,0.0,0.14285715,6,0.13353139262452263,0.24634613,0
b00cc944-5308-46ba-9639-870577fda878,0.1147889,0.03881139,0.0,0.03881139,0.1147889,0.03881139,0.0,0.03881139,0.2857143,7,0.11778303565638346,0.2295778,0
b00cc944-5308-46ba-9639-870577fda878,0.09057582,0.0,0.0,0.0,0.09057582,0.0,0.0,0.0,0.14285715,8,0.1053605156578263,0.18115164,0
b00cc944-5308-46ba-9639-870577fda878,0.09057582,0.0,0.0,0.0,0.09057582,0.0,0.0,0.0,0.14285715,9,0.09531017980432487,0.18115164,0
3f3ced65-119e-48b7-8d6f-12e4ea112591,0.8427762,0.15067583,0.056033198,0.15067583,0.8427762,0.15067583,0.056033198,0.15067583,0.75,0,0.6931471805599453,1.6855524,3
3f3ced65-119e-48b7-8d6f-12e4ea112591,0.39950058,0.01599941,0.029876918,0.01599941,0.39950058,0.01599941,0.029876918,0.01599941,0.5,1,0.4054651081081644,0.79900116,0
3f3ced65-119e-48b7-8d6f-12e4ea112591,0.3849517,0.0,0.0,0.0069468264,0.3849517,0.0,0.0,0.0069468264,0.375,2,0.2876820724517809,0.7699034,0
3f3ced65-119e-48b7-8d6f-12e4ea112591,0.3150758,0.0,0.022930091,0.008735464,0.3150758,0.0,0.022930091,0.008735464,0.375,3,0.22314355131420976,0.6301516,0
3f3ced65-119e-48b7-8d6f-12e4ea112591,0.3093214,0.0,0.0,0.0,0.3093214,0.0,0.0,0.0,0.25,4,0.18232155679395462,0.6186428,0
3f3ced65-119e-48b7-8d6f-12e4ea112591,0.2803889,0.0,0.0,0.0,0.2803889,0.0,0.0,0.0,0.25,5,0.1541506798272583,0.5607778,0
3f3ced65-119e-48b7-8d6f-12e4ea112591,0.27993718,0.0,0.0,0.0,0.27993718,0.0,0.0,0.0,0.375,6,0.13353139262452263,0.55987436,0
3f3ced65-119e-48b7-8d6f-12e4ea112591,0.27245447,0.0,0.0,0.0,0.27245447,0.0,0.0,0.0,0.375,7,0.11778303565638346,0.54490894,0
3f3ced65-119e-48b7-8d6f-12e4ea112591,0.2492106,0.03881139,0.0,0.03881139,0.2492106,0.03881139,0.0,0.03881139,0.5,8,0.1053605156578263,0.4984212,0
3f3ced65-119e-48b7-8d6f-12e4ea112591,0.12709099,0.051113483,0.0,0.051113483,0.12709099,0.051113483,0.0,0.051113483,0.25,9,0.09531017980432487,0.25418198,0
0843fb45-8527-4493-ac7f-98293bf96694,0.3341855,0.0,0.0,0.0,0.3341855,0.0,0.0,0.0,0.33333334,0,0.6931471805599453,0.668371,0
0843fb45-8527-4493-ac7f-98293bf96694,0.24387375,0.0,0.0,0.0,0.24387375,0.0,0.0,0.0,0.33333334,1,0.4054651081081644,0.4877475,3
0843fb45-8527-4493-ac7f-98293bf96694,0.08873733,0.0,0.0,0.0,0.08873733,0.0,0.0,0.0,0.33333334,2,0.2876820724517809,0.17747466,0
0843fb45-8527-4493-ac7f-98293bf96694,0.042478822,0.0,0.0,0.0,0.042478822,0.0,0.0,0.0,0.33333334,3,0.22314355131420976,0.084957644,0
0843fb45-8527-4493-ac7f-98293bf96694,0.032565787,0.0,0.0,0.0,0.032565787,0.0,0.0,0.0,0.33333334,4,0.18232155679395462,0.065131575,0
0843fb45-8527-4493-ac7f-98293bf96694,0.032565787,0.0,0.0,0.0,0.032565787,0.0,0.0,0.0,0.33333334,5,0.1541506798272583,0.065131575,0
0843fb45-8527-4493-ac7f-98293bf96694,0.02970454,0.0,0.0,0.0,0.02970454,0.0,0.0,0.0,0.33333334,6,0.13353139262452263,0.05940908,0
0843fb45-8527-4493-ac7f-98293bf96694,0.02970454,0.0,0.0,0.0,0.02970454,0.0,0.0,0.0,0.33333334,7,0.11778303565638346,0.05940908,0
0843fb45-8527-4493-ac7f-98293bf96694,0.02727797,0.0,0.0,0.0,0.02727797,0.0,0.0,0.0,0.33333334,8,0.1053605156578263,0.05455594,0
0843fb45-8527-4493-ac7f-98293bf96694,0.023550723,0.0,0.0,0.0,0.023550723,0.0,0.0,0.0,0.33333334,9,0.09531017980432487,0.047101445,0
7e4546d9-741a-4538-bd25-6ea9111d2cd3,0.34244892,0.0,0.0,0.0,0.34244892,0.0,0.0,0.0,0.33333334,0,0.6931471805599453,0.68489784,0
7e4546d9-741a-4538-bd25-6ea9111d2cd3,0.123173065,0.0,0.0,0.0,0.123173065,0.0,0.0,0.0,0.33333334,1,0.4054651081081644,0.24634613,0
a160ce14-0905-4a93-95cb-a3c9c84c628f,0.4399819,0.0,0.0,0.0,0.4399819,0.0,0.0,0.0,0.5,0,0.6931471805599453,0.8799638,0
a160ce14-0905-4a93-95cb-a3c9c84c628f,0.3849517,0.0,0.050728932,0.0069468264,0.3849517,0.0,0.050728932,0.0069468264,0.75,1,0.4054651081081644,0.7699034,0
a160ce14-0905-4a93-95cb-a3c9c84c628f,0.27993718,0.0,0.0,0.0,0.27993718,0.0,0.0,0.0,0.75,2,0.2876820724517809,0.55987436,0
a160ce14-0905-4a93-95cb-a3c9c84c628f,0.24387375,0.0,0.0,0.0,0.24387375,0.0,0.0,0.0,0.25,3,0.22314355131420976,0.4877475,3
a160ce14-0905-4a93-95cb-a3c9c84c628f,0.22692424,0.0,0.0,0.0,0.22692424,0.0,0.0,0.0,0.5,4,0.18232155679395462,0.45384848,0
a160ce14-0905-4a93-95cb-a3c9c84c628f,0.1344217,0.0,0.050728932,0.0,0.1344217,0.0,0.050728932,0.0,0.5,5,0.1541506798272583,0.2688434,0
a160ce14-0905-4a93-95cb-a3c9c84c628f,0.123173065,0.0,0.0,0.0,0.123173065,0.0,0.0,0.0,0.25,6,0.13353139262452263,0.24634613,0
a160ce14-0905-4a93-95cb-a3c9c84c628f,0.042478822,0.0,0.0,0.0,0.042478822,0.0,0.0,0.0,0.25,7,0.11778303565638346,0.084957644,0
a160ce14-0905-4a93-95cb-a3c9c84c628f,0.032565787,0.0,0.0,0.0,0.032565787,0.0,0.0,0.0,0.25,8,0.1053605156578263,0.065131575,0
a160ce14-0905-4a93-95cb-a3c9c84c628f,0.02970454,0.0,0.0,0.0,0.02970454,0.0,0.0,0.0,0.25,9,0.09531017980432487,0.05940908,0
f07972e0-7a13-4837-b340-e54e6e580443,0.18907064,0.0,0.0,0.0,0.18907064,0.0,0.0,0.0,0.33333334,0,0.6931471805599453,0.37814128,2
f07972e0-7a13-4837-b340-e54e6e580443,0.18534338,0.0,0.0,0.0,0.18534338,0.0,0.0,0.0,0.33333334,1,0.4054651081081644,0.37068677,0
f07972e0-7a13-4837-b340-e54e6e580443,0.17414078,0.0,0.0,0.0,0.17414078,0.0,0.0,0.0,0.6666667,2,0.2876820724517809,0.34828156,0
f07972e0-7a13-4837-b340-e54e6e580443,0.08873733,0.0,0.0,0.0,0.08873733,0.0,0.0,0.0,0.33333334,3,0.22314355131420976,0.17747466,0
f07972e0-7a13-4837-b340-e54e6e580443,0.042478822,0.0,0.0,0.0,0.042478822,0.0,0.0,0.0,0.33333334,4,0.18232155679395462,0.084957644,0
f07972e0-7a13-4837-b340-e54e6e580443,0.032565787,0.0,0.0,0.0,0.032565787,0.0,0.0,0.0,0.33333334,5,0.1541506798272583,0.065131575,0
f07972e0-7a13-4837-b340-e54e6e580443,0.032565787,0.0,0.0,0.0,0.032565787,0.0,0.0,0.0,0.33333334,6,0.13353139262452263,0.065131575,0
f07972e0-7a13-4837-b340-e54e6e580443,0.02970454,0.0,0.0,0.0,0.02970454,0.0,0.0,0.0,0.33333334,7,0.11778303565638346,0.05940908,0
f07972e0-7a13-4837-b340-e54e6e580443,0.02970454,0.0,0.0,0.0,0.02970454,0.0,0.0,0.0,0.33333334,8,0.1053605156578263,0.05940908,0
f07972e0-7a13-4837-b340-e54e6e580443,0.02727797,0.0,0.0,0.0,0.02727797,0.0,0.0,0.0,0.33333334,9,0.09531017980432487,0.05455594,0
bb4ff285-eec1-4913-9855-574a25dbff5d,0.34244892,0.0,0.0,0.0,0.34244892,0.0,0.0,0.0,0.33333334,0,0.6931471805599453,0.68489784,0
bb4ff285-eec1-4913-9855-574a25dbff5d,0.21084844,0.0,0.0,0.0,0.21084844,0.0,0.0,0.0,0.33333334,1,0.4054651081081644,0.42169687,0
bb4ff285-eec1-4913-9855-574a25dbff5d,0.123173065,0.0,0.0,0.0,0.123173065,0.0,0.0,0.0,0.33333334,2,0.2876820724517809,0.24634613,0
bb4ff285-eec1-4913-9855-574a25dbff5d,0.10840363,0.0,0.0,0.0,0.10840363,0.0,0.0,0.0,0.33333334,3,0.22314355131420976,0.21680726,2
bb4ff285-eec1-4913-9855-574a25dbff5d,0.10467638,0.0,0.0,0.0,0.10467638,0.0,0.0,0.0,0.33333334,4,0.18232155679395462,0.20935276,0
bb4ff285-eec1-4913-9855-574a25dbff5d,0.10467638,0.0,0.0,0.0,0.10467638,0.0,0.0,0.0,0.33333334,5,0.1541506798272583,0.20935276,0
bb4ff285-eec1-4913-9855-574a25dbff5d,0.09852534,0.0,0.0,0.0,0.09852534,0.0,0.0,0.0,0.33333334,6,0.13353139262452263,0.19705068,0
adafa4a0-3d94-4958-9350-0ca9dbf968d3,1.2259113,0.93943036,0.5028567,0.93943036,1.2259113,0.93943036,0.5028567,0.93943036,0.7,0,0.6931471805599453,2.4518225,2
adafa4a0-3d94-4958-9350-0ca9dbf968d3,0.29621437,0.0,0.0,0.0069468264,0.29621437,0.0,0.0,0.0069468264,0.2,1,0.4054651081081644,0.59242874,0
adafa4a0-3d94-4958-9350-0ca9dbf968d3,0.27376312,0.0,0.0,0.0,0.27376312,0.0,0.0,0.0,0.2,2,0.2876820724517809,0.54752624,0
adafa4a0-3d94-4958-9350-0ca9dbf968d3,0.25526643,0.0,0.0,0.0,0.25526643,0.0,0.0,0.0,0.2,3,0.22314355131420976,0.51053286,0
adafa4a0-3d94-4958-9350-0ca9dbf968d3,0.25004417,0.0,0.0,0.0,0.25004417,0.0,0.0,0.0,0.3,4,0.18232155679395462,0.50008833,0
adafa4a0-3d94-4958-9350-0ca9dbf968d3,0.23918658,0.0,0.0,0.0066580586,0.23918658,0.0,0.0,0.0066580586,0.2,5,0.1541506798272583,0.47837317,0
adafa4a0-3d94-4958-9350-0ca9dbf968d3,0.21057317,0.0,0.0,0.0,0.21057317,0.0,0.0,0.0,0.2,6,0.13353139262452263,0.42114633,0
adafa4a0-3d94-4958-9350-0ca9dbf968d3,0.19435845,0.0,0.0,0.0,0.19435845,0.0,0.0,0.0,0.1,7,0.11778303565638346,0.3887169,0
adafa4a0-3d94-4958-9350-0ca9dbf968d3,0.1914972,0.0,0.0,0.0,0.1914972,0.0,0.0,0.0,0.1,8,0.1053605156578263,0.3829944,0
adafa4a0-3d94-4958-9350-0ca9dbf968d3,0.17919235,0.0,0.0,0.0,0.17919235,0.0,0.0,0.0,0.1,9,0.09531017980432487,0.3583847,0
11467472-2efe-4040-a332-d09a5b8a3545,1.3270808,0.8922974,0.42570904,0.962439,1.3270808,0.8922974,0.42570904,0.962439,0.75,0,0.6931471805599453,2.6541617,1
11467472-2efe-4040-a332-d09a5b8a3545,0.2847117,0.0,0.0,0.0,0.2847117,0.0,0.0,0.0,0.25,1,0.4054651081081644,0.5694234,0
11467472-2efe-4040-a332-d09a5b8a3545,0.2847117,0.0,0.0,0.0,0.2847117,0.0,0.0,0.0,0.25,2,0.2876820724517809,0.5694234,0
11467472-2efe-4040-a332-d09a5b8a3545,0.27771768,0.0,0.0,0.0,0.27771768,0.0,0.0,0.0,0.25,3,0.22314355131420976,0.55543536,0
11467472-2efe-4040-a332-d09a5b8a3545,0.26226044,0.0,0.0,0.0,0.26226044,0.0,0.0,0.0,0.25,4,0.18232155679395462,0.5245209,0
11467472-2efe-4040-a332-d09a5b8a3545,0.17919235,0.0,0.0,0.0,0.17919235,0.0,0.0,0.0,0.125,5,0.1541506798272583,0.3583847,0
11467472-2efe-4040-a332-d09a5b8a3545,0.12977853,0.0,0.0,0.0,0.12977853,0.0,0.0,0.0,0.25,6,0.13353139262452263,0.25955707,0
11467472-2efe-4040-a332-d09a5b8a3545,0.110830195,0.0,0.0,0.0,0.110830195,0.0,0.0,0.0,0.125,7,0.11778303565638346,0.22166039,0
11467472-2efe-4040-a332-d09a5b8a3545,0.10467638,0.0,0.0,0.0,0.10467638,0.0,0.0,0.0,0.125,8,0.1053605156578263,0.20935276,0
11467472-2efe-4040-a332-d09a5b8a3545,0.09347377,0.0,0.0,0.0,0.09347377,0.0,0.0,0.0,0.25,9,0.09531017980432487,0.18694754,0
0644394d-7a0b-44db-b33a-2ea8af184242,0.34244892,0.0,0.0,0.0,0.34244892,0.0,0.0,0.0,0.5,0,0.6931471805599453,0.68489784,0
0644394d-7a0b-44db-b33a-2ea8af184242,0.2607425,0.12811324,0.0,0.12811324,0.2607425,0.12811324,0.0,0.12811324,0.5,1,0.4054651081081644,0.521485,1
0644394d-7a0b-44db-b33a-2ea8af184242,0.1914972,0.0,0.0,0.0,0.1914972,0.0,0.0,0.0,0.25,2,0.2876820724517809,0.3829944,0
0644394d-7a0b-44db-b33a-2ea8af184242,0.17919235,0.0,0.0,0.0,0.17919235,0.0,0.0,0.0,0.25,3,0.22314355131420976,0.3583847,0
0644394d-7a0b-44db-b33a-2ea8af184242,0.123173065,0.0,0.0,0.0,0.123173065,0.0,0.0,0.0,0.25,4,0.18232155679395462,0.24634613,0
0644394d-7a0b-44db-b33a-2ea8af184242,0.06309147,0.0,0.0,0.0,0.06309147,0.0,0.0,0.0,0.25,5,0.1541506798272583,0.12618294,0
0644394d-7a0b-44db-b33a-2ea8af184242,0.06309147,0.0,0.0,0.0,0.06309147,0.0,0.0,0.0,0.25,6,0.13353139262452263,0.12618294,0
0644394d-7a0b-44db-b33a-2ea8af184242,0.056940425,0.0,0.0,0.0,0.056940425,0.0,0.0,0.0,0.25,7,0.11778303565638346,0.11388085,0
0644394d-7a0b-44db-b33a-2ea8af184242,0.056940425,0.0,0.0,0.0,0.056940425,0.0,0.0,0.0,0.25,8,0.1053605156578263,0.11388085,0
0644394d-7a0b-44db-b33a-2ea8af184242,0.056940425,0.0,0.0,0.0,0.056940425,0.0,0.0,0.0,0.25,9,0.09531017980432487,0.11388085,0
330d9d96-0951-4357-9675-0e975c61028a,1.3270808,0.8922974,0.42570904,0.962439,1.3270808,0.8922974,0.42570904,0.962439,0.75,0,0.6931471805599453,2.6541617,1
330d9d96-0951-4357-9675-0e975c61028a,0.36805683,0.0,0.0,0.0,0.36805683,0.0,0.0,0.0,0.375,1,0.4054651081081644,0.73611367,0
330d9d96-0951-4357-9675-0e975c61028a,0.29621437,0.0,0.0,0.0069468264,0.29621437,0.0,0.0,0.0069468264,0.25,2,0.2876820724517809,0.59242874,0
330d9d96-0951-4357-9675-0e975c61028a,0.2847117,0.0,0.0,0.0,0.2847117,0.0,0.0,0.0,0.25,3,0.22314355131420976,0.5694234,0
330d9d96-0951-4357-9675-0e975c61028a,0.2847117,0.0,0.0,0.0,0.2847117,0.0,0.0,0.0,0.25,4,0.18232155679395462,0.5694234,0
330d9d96-0951-4357-9675-0e975c61028a,0.27771768,0.0,0.0,0.0,0.27771768,0.0,0.0,0.0,0.25,5,0.1541506798272583,0.55543536,0
330d9d96-0951-4357-9675-0e975c61028a,0.27376312,0.0,0.0,0.0,0.27376312,0.0,0.0,0.0,0.25,6,0.13353139262452263,0.54752624,0
330d9d96-0951-4357-9675-0e975c61028a,0.19435845,0.0,0.0,0.0,0.19435845,0.0,0.0,0.0,0.125,7,0.11778303565638346,0.3887169,0
330d9d96-0951-4357-9675-0e975c61028a,0.17919235,0.0,0.0,0.0,0.17919235,0.0,0.0,0.0,0.125,8,0.1053605156578263,0.3583847,0
330d9d96-0951-4357-9675-0e975c61028a,0.123173065,0.0,0.0,0.0,0.123173065,0.0,0.0,0.0,0.125,9,0.09531017980432487,0.24634613,0
0b4474fc-72d4-4589-8568-58e0182e6bec,0.46936166,0.12655695,0.0,0.12655695,0.46936166,0.12655695,0.0,0.12655695,0.5,0,0.6931471805599453,0.9387233,4
0b4474fc-72d4-4589-8568-58e0182e6bec,0.11169389,0.0,0.0,0.0,0.11169389,0.0,0.0,0.0,0.5,1,0.4054651081081644,0.22338778,0
0b4474fc-72d4-4589-8568-58e0182e6bec,0.08873733,0.0,0.0,0.0,0.08873733,0.0,0.0,0.0,0.25,2,0.2876820724517809,0.17747466,0
0b4474fc-72d4-4589-8568-58e0182e6bec,0.062169436,0.0,0.014206607,0.0,0.062169436,0.0,0.014206607,0.0,0.5,3,0.22314355131420976,0.12433887,0
0b4474fc-72d4-4589-8568-58e0182e6bec,0.05644694,0.0,0.0,0.0,0.05644694,0.0,0.0,0.0,0.5,4,0.18232155679395462,0.11289388,0
0b4474fc-72d4-4589-8568-58e0182e6bec,0.051593803,0.0,0.0,0.0,0.051593803,0.0,0.0,0.0,0.5,5,0.1541506798272583,0.103187606,0
0b4474fc-72d4-4589-8568-58e0182e6bec,0.042931944,0.0,0.0,0.0,0.042931944,0.0,0.0,0.0,0.5,6,0.13353139262452263,0.08586389,0
0b4474fc-72d4-4589-8568-58e0182e6bec,0.032565787,0.0,0.0,0.0,0.032565787,0.0,0.0,0.0,0.25,7,0.11778303565638346,0.065131575,0
0b4474fc-72d4-4589-8568-58e0182e6bec,0.031837218,0.0,0.0,0.0,0.031837218,0.0,0.0,0.0,0.5,8,0.1053605156578263,0.063674435,0
0b4474fc-72d4-4589-8568-58e0182e6bec,0.031837218,0.0,0.0,0.0,0.031837218,0.0,0.0,0.0,0.5,9,0.09531017980432487,0.063674435,0
0c53c2ec-b7e2-4526-a7c4-404953c1ec12,0.37721044,0.19512689,0.12317317,0.19512689,0.37721044,0.19512689,0.12317317,0.19512689,0.6,0,0.6931471805599453,0.7544209,4
0c53c2ec-b7e2-4526-a7c4-404953c1ec12,0.34244892,0.0,0.0,0.0,0.34244892,0.0,0.0,0.0,0.6,1,0.4054651081081644,0.68489784,0
0c53c2ec-b7e2-4526-a7c4-404953c1ec12,0.12527062,0.02200901,0.0,0.02200901,0.12527062,0.02200901,0.0,0.02200901,0.4,2,0.2876820724517809,0.25054124,0
0c53c2ec-b7e2-4526-a7c4-404953c1ec12,0.045016926,0.0,0.0,0.0,0.045016926,0.0,0.0,0.0,0.4,3,0.22314355131420976,0.09003385,0
0c53c2ec-b7e2-4526-a7c4-404953c1ec12,0.04160908,0.0048917476,0.0,0.0048917476,0.04160908,0.0048917476,0.0,0.0048917476,0.4,4,0.18232155679395462,0.08321816,0
0c53c2ec-b7e2-4526-a7c4-404953c1ec12,0.04160908,0.0048917476,0.0,0.0048917476,0.04160908,0.0048917476,0.0,0.0048917476,0.4,5,0.1541506798272583,0.08321816,0
0c53c2ec-b7e2-4526-a7c4-404953c1ec12,0.03795591,0.011220092,0.0,0.011220092,0.03795591,0.011220092,0.0,0.011220092,0.4,6,0.13353139262452263,0.07591182,0
0c53c2ec-b7e2-4526-a7c4-404953c1ec12,0.03795591,0.011220092,0.0,0.011220092,0.03795591,0.011220092,0.0,0.011220092,0.4,7,0.11778303565638346,0.07591182,0
0c53c2ec-b7e2-4526-a7c4-404953c1ec12,0.029306987,0.0,0.0,0.0,0.029306987,0.0,0.0,0.0,0.4,8,0.1053605156578263,0.058613975,0
0c53c2ec-b7e2-4526-a7c4-404953c1ec12,0.029306987,0.0,0.0,0.0025004544,0.029306987,0.0,0.0,0.0025004544,0.4,9,0.09531017980432487,0.058613975,0
34cb5673-4ff0-49e2-a32f-a5ac6c3e3e6a,0.4487731,0.0,0.0,0.0,0.4487731,0.0,0.0,0.0,0.2,0,0.6931471805599453,0.8975462,4
34cb5673-4ff0-49e2-a32f-a5ac6c3e3e6a,0.3849517,0.050728932,0.11653727,0.057675757,0.3849517,0.050728932,0.11653727,0.057675757,0.6,1,0.4054651081081644,0.7699034,0
34cb5673-4ff0-49e2-a32f-a5ac6c3e3e6a,0.27993718,0.0,0.0,0.0,0.27993718,0.0,0.0,0.0,0.6,2,0.2876820724517809,0.55987436,0
34cb5673-4ff0-49e2-a32f-a5ac6c3e3e6a,0.22692424,0.0,0.113497704,0.0,0.22692424,0.0,0.113497704,0.0,0.4,3,0.22314355131420976,0.45384848,0
34cb5673-4ff0-49e2-a32f-a5ac6c3e3e6a,0.22120175,0.0,0.067781515,0.0,0.22120175,0.0,0.067781515,0.0,0.4,4,0.18232155679395462,0.4424035,0
34cb5673-4ff0-49e2-a32f-a5ac6c3e3e6a,0.19659203,0.0,0.0,0.0,0.19659203,0.0,0.0,0.0,0.4,5,0.1541506798272583,0.39318407,0
34cb5673-4ff0-49e2-a32f-a5ac6c3e3e6a,0.16796672,0.0,0.0,0.0,0.16796672,0.0,0.0,0.0,0.2,6,0.13353139262452263,0.33593345,0
34cb5673-4ff0-49e2-a32f-a5ac6c3e3e6a,0.1344217,0.050728932,0.0,0.050728932,0.1344217,0.050728932,0.0,0.050728932,0.4,7,0.11778303565638346,0.2688434,0
34cb5673-4ff0-49e2-a32f-a5ac6c3e3e6a,0.123173065,0.0,0.0,0.0,0.123173065,0.0,0.0,0.0,0.2,8,0.1053605156578263,0.24634613,0
34cb5673-4ff0-49e2-a32f-a5ac6c3e3e6a,0.105796404,0.0,0.0,0.0,0.105796404,0.0,0.0,0.0,0.2,9,0.09531017980432487,0.21159281,0
647e88e1-7596-46a5-815c-417c9ab691f9,0.93550795,0.6496515,0.30322632,0.6724369,0.93550795,0.6496515,0.30322632,0.6724369,0.6666667,0,0.6931471805599453,1.8710159,3
647e88e1-7596-46a5-815c-417c9ab691f9,0.3341855,0.0,0.0,0.0,0.3341855,0.0,0.0,0.0,0.16666667,1,0.4054651081081644,0.668371,0
647e88e1-7596-46a5-815c-417c9ab691f9,0.08873733,0.0,0.0,0.0,0.08873733,0.0,0.0,0.0,0.16666667,2,0.2876820724517809,0.17747466,0
647e88e1-7596-46a5-815c-417c9ab691f9,0.07804544,0.0,0.0,0.0,0.07804544,0.0,0.0,0.0,0.33333334,3,0.22314355131420976,0.15609089,0
647e88e1-7596-46a5-815c-417c9ab691f9,0.058288857,0.0,0.0,0.0,0.058288857,0.0,0.0,0.0,0.33333334,4,0.18232155679395462,0.116577715,0
647e88e1-7596-46a5-815c-417c9ab691f9,0.042478822,0.0,0.0,0.0,0.042478822,0.0,0.0,0.0,0.16666667,5,0.1541506798272583,0.084957644,0
647e88e1-7596-46a5-815c-417c9ab691f9,0.035837613,0.0,0.0,0.0,0.035837613,0.0,0.0,0.0,0.33333334,6,0.13353139262452263,0.071675226,0
647e88e1-7596-46a5-815c-417c9ab691f9,0.032565787,0.0,0.0,0.0,0.032565787,0.0,0.0,0.0,0.16666667,7,0.11778303565638346,0.065131575,0
647e88e1-7596-46a5-815c-417c9ab691f9,0.032565787,0.0,0.0,0.0,0.032565787,0.0,0.0,0.0,0.16666667,8,0.1053605156578263,0.065131575,0
647e88e1-7596-46a5-815c-417c9ab691f9,0.02970454,0.0,0.0,0.0,0.02970454,0.0,0.0,0.0,0.16666667,9,0.09531017980432487,0.05940908,0
d458c2c7-6283-40b8-aa02-1392a4653226,0.34244892,0.0,0.0,0.0,0.34244892,0.0,0.0,0.0,0.33333334,0,0.6931471805599453,0.68489784,0
d458c2c7-6283-40b8-aa02-1392a4653226,0.14766973,0.0,0.0,0.0,0.14766973,0.0,0.0,0.0,0.33333334,1,0.4054651081081644,0.29533947,0
d458c2c7-6283-40b8-aa02-1392a4653226,0.123173065,0.0,0.0,0.0,0.123173065,0.0,0.0,0.0,0.33333334,2,0.2876820724517809,0.24634613,0
d458c2c7-6283-40b8-aa02-1392a4653226,0.083196804,0.0,0.0,0.0,0.083196804,0.0,0.0,0.0,0.33333334,3,0.22314355131420976,0.16639361,0
d458c2c7-6283-40b8-aa02-1392a4653226,0.079469554,0.0,0.0,0.0,0.079469554,0.0,0.0,0.0,0.33333334,4,0.18232155679395462,0.15893911,3
d458c2c7-6283-40b8-aa02-1392a4653226,0.079469554,0.0,0.0,0.0,0.079469554,0.0,0.0,0.0,0.33333334,5,0.1541506798272583,0.15893911,0
d458c2c7-6283-40b8-aa02-1392a4653226,0.07331851,0.0,0.0,0.0,0.07331851,0.0,0.0,0.0,0.33333334,6,0.13353139262452263,0.14663702,0
d458c2c7-6283-40b8-aa02-1392a4653226,0.07331851,0.0,0.0,0.0,0.07331851,0.0,0.0,0.0,0.33333334,7,0.11778303565638346,0.14663702,0
d458c2c7-6283-40b8-aa02-1392a4653226,0.06209289,0.0,0.0,0.0,0.06209289,0.0,0.0,0.0,0.33333334,8,0.1053605156578263,0.12418578,0
a8a41b13-edd0-42ac-b45c-30d81c19d706,1.1402425,0.79065144,0.45500958,0.8134368,1.1402425,0.79065144,0.45500958,0.8134368,0.7,0,0.6931471805599453,2.280485,3
a8a41b13-edd0-42ac-b45c-30d81c19d706,0.48506716,0.0,0.0,0.0,0.48506716,0.0,0.0,0.0,0.3,1,0.4054651081081644,0.9701343,0
a8a41b13-edd0-42ac-b45c-30d81c19d706,0.29621437,0.0,0.0,0.0069468264,0.29621437,0.0,0.0,0.0069468264,0.2,2,0.2876820724517809,0.59242874,0
a8a41b13-edd0-42ac-b45c-30d81c19d706,0.27376312,0.0,0.0,0.0,0.27376312,0.0,0.0,0.0,0.3,3,0.22314355131420976,0.54752624,0
a8a41b13-edd0-42ac-b45c-30d81c19d706,0.21555372,0.0,0.0,0.0,0.21555372,0.0,0.0,0.0,0.4,4,0.18232155679395462,0.43110743,0
a8a41b13-edd0-42ac-b45c-30d81c19d706,0.19435845,0.0,0.0,0.0,0.19435845,0.0,0.0,0.0,0.1,5,0.1541506798272583,0.3887169,0
a8a41b13-edd0-42ac-b45c-30d81c19d706,0.1914972,0.0,0.0,0.0,0.1914972,0.0,0.0,0.0,0.1,6,0.13353139262452263,0.3829944,0
a8a41b13-edd0-42ac-b45c-30d81c19d706,0.18996799,0.0,0.0,0.0,0.18996799,0.0,0.0,0.0,0.2,7,0.11778303565638346,0.37993598,0
a8a41b13-edd0-42ac-b45c-30d81c19d706,0.16796672,0.0,0.0,0.0,0.16796672,0.0,0.0,0.0,0.2,8,0.1053605156578263,0.33593345,0
a8a41b13-edd0-42ac-b45c-30d81c19d706,0.1493926,0.0,0.0,0.0,0.1493926,0.0,0.0,0.0,0.2,9,0.09531017980432487,0.2987852,0
5c1462fe-fb3e-4582-b85a-abe226d742fc,0.35156217,0.0,0.0,0.0,0.35156217,0.0,0.0,0.0,0.25,0,0.6931471805599453,0.70312434,4
5c1462fe-fb3e-4582-b85a-abe226d742fc,0.08873733,0.0,0.0,0.0,0.08873733,0.0,0.0,0.0,0.25,1,0.4054651081081644,0.17747466,0
5c1462fe-fb3e-4582-b85a-abe226d742fc,0.042478822,0.0,0.0,0.0,0.042478822,0.0,0.0,0.0,0.25,2,0.2876820724517809,0.084957644,0
5c1462fe-fb3e-4582-b85a-abe226d742fc,0.032565787,0.0,0.0,0.0,0.032565787,0.0,0.0,0.0,0.25,3,0.22314355131420976,0.065131575,0
5c1462fe-fb3e-4582-b85a-abe226d742fc,0.032565787,0.0,0.0,0.0,0.032565787,0.0,0.0,0.0,0.25,4,0.18232155679395462,0.065131575,0
5c1462fe-fb3e-4582-b85a-abe226d742fc,0.02970454,0.0,0.0,0.0,0.02970454,0.0,0.0,0.0,0.25,5,0.1541506798272583,0.05940908,0
5c1462fe-fb3e-4582-b85a-abe226d742fc,0.02970454,0.0,0.0,0.0,0.02970454,0.0,0.0,0.0,0.25,6,0.13353139262452263,0.05940908,0
5c1462fe-fb3e-4582-b85a-abe226d742fc,0.02727797,0.0,0.0,0.0,0.02727797,0.0,0.0,0.0,0.25,7,0.11778303565638346,0.05455594,0
5c1462fe-fb3e-4582-b85a-abe226d742fc,0.023550723,0.0,0.0,0.0,0.023550723,0.0,0.0,0.0,0.25,8,0.1053605156578263,0.047101445,0
5c1462fe-fb3e-4582-b85a-abe226d742fc,0.017399678,0.0,0.0,0.0,0.017399678,0.0,0.0,0.0,0.25,9,0.09531017980432487,0.034799356,0
daf93f85-ca43-4a3c-845e-fb59f402202d,0.638513,0.5087463,0.08477971,0.5087463,0.638513,0.5087463,0.08477971,0.5087463,0.6,0,0.6931471805599453,1.277026,4
daf93f85-ca43-4a3c-845e-fb59f402202d,0.34244892,0.0,0.0,0.0,0.34244892,0.0,0.0,0.0,0.2,1,0.4054651081081644,0.68489784,0
daf93f85-ca43-4a3c-845e-fb59f402202d,0.22649708,0.0,0.0,0.0,0.22649708,0.0,0.0,0.0,0.2,2,0.2876820724517809,0.45299417,0
daf93f85-ca43-4a3c-845e-fb59f402202d,0.16625015,0.0,0.0,0.0,0.16625015,0.0,0.0,0.0,0.4,3,0.22314355131420976,0.3325003,0
daf93f85-ca43-4a3c-845e-fb59f402202d,0.13113022,0.0,0.0,0.0,0.13113022,0.0,0.0,0.0,0.2,4,0.18232155679395462,0.26226044,0
daf93f85-ca43-4a3c-845e-fb59f402202d,0.07980417,0.0,0.0,0.0,0.07980417,0.0,0.0,0.0,0.2,5,0.1541506798272583,0.15960833,0
daf93f85-ca43-4a3c-845e-fb59f402202d,0.046804342,0.0,0.0,0.0,0.046804342,0.0,0.0,0.0,0.2,6,0.13353139262452263,0.093608685,0
daf93f85-ca43-4a3c-845e-fb59f402202d,0.043077093,0.0,0.0,0.0,0.043077093,0.0,0.0,0.0,0.2,7,0.11778303565638346,0.086154185,0
daf93f85-ca43-4a3c-845e-fb59f402202d,0.043077093,0.0,0.0,0.0,0.043077093,0.0,0.0,0.0,0.2,8,0.1053605156578263,0.086154185,0
daf93f85-ca43-4a3c-845e-fb59f402202d,0.03692605,0.0,0.0,0.0,0.03692605,0.0,0.0,0.0,0.2,9,0.09531017980432487,0.0738521,0
0a578792-5e9f-49cf-95a8-784c5e72b68e,2.0510592,1.4201046,0.6428852,1.4201046,2.0510592,1.4201046,0.6428852,1.4201046,0.75,0,0.6931471805599453,4.1021185,4
0a578792-5e9f-49cf-95a8-784c5e72b68e,0.444927,0.028912345,0.0,0.028912345,0.444927,0.028912345,0.0,0.028912345,0.25,1,0.4054651081081644,0.889854,0
0a578792-5e9f-49cf-95a8-784c5e72b68e,0.3140727,0.0,0.0010654809,0.0,0.3140727,0.0,0.0010654809,0.0,0.25,2,0.2876820724517809,0.6281454,0
0a578792-5e9f-49cf-95a8-784c5e72b68e,0.29621437,0.0,0.0,0.0069468264,0.29621437,0.0,0.0,0.0069468264,0.16666667,3,0.22314355131420976,0.59242874,0
0a578792-5e9f-49cf-95a8-784c5e72b68e,0.27771768,0.0,0.0,0.0,0.27771768,0.0,0.0,0.0,0.16666667,4,0.18232155679395462,0.55543536,0
0a578792-5e9f-49cf-95a8-784c5e72b68e,0.27376312,0.0,0.0,0.0,0.27376312,0.0,0.0,0.0,0.16666667,5,0.1541506798272583,0.54752624,0
0a578792-5e9f-49cf-95a8-784c5e72b68e,0.27121338,0.0,0.0,0.0,0.27121338,0.0,0.0,0.0,0.16666667,6,0.13353139262452263,0.54242676,0
0a578792-5e9f-49cf-95a8-784c5e72b68e,0.19435845,0.0,0.0,0.0,0.19435845,0.0,0.0,0.0,0.083333336,7,0.11778303565638346,0.3887169,0
0a578792-5e9f-49cf-95a8-784c5e72b68e,0.1914972,0.0,0.0,0.0,0.1914972,0.0,0.0,0.0,0.083333336,8,0.1053605156578263,0.3829944,0
0a578792-5e9f-49cf-95a8-784c5e72b68e,0.16796672,0.0,0.0,0.0,0.16796672,0.0,0.0,0.0,0.083333336,9,0.09531017980432487,0.33593345,0
26efda81-218e-464b-be9d-8bba66c20f68,0.44262204,0.0,0.0,0.0,0.44262204,0.0,0.0,0.0,0.33333334,0,0.6931471805599453,0.8852441,4
26efda81-218e-464b-be9d-8bba66c20f68,0.08873733,0.0,0.0,0.0,0.08873733,0.0,0.0,0.0,0.33333334,1,0.4054651081081644,0.17747466,0
26efda81-218e-464b-be9d-8bba66c20f68,0.042478822,0.0,0.0,0.0,0.042478822,0.0,0.0,0.0,0.33333334,2,0.2876820724517809,0.084957644,0
26efda81-218e-464b-be9d-8bba66c20f68,0.032565787,0.0,0.0,0.0,0.032565787,0.0,0.0,0.0,0.33333334,3,0.22314355131420976,0.065131575,0
26efda81-218e-464b-be9d-8bba66c20f68,0.032565787,0.0,0.0,0.0,0.032565787,0.0,0.0,0.0,0.33333334,4,0.18232155679395462,0.065131575,0
26efda81-218e-464b-be9d-8bba66c20f68,0.02970454,0.0,0.0,0.0,0.02970454,0.0,0.0,0.0,0.33333334,5,0.1541506798272583,0.05940908,0
26efda81-218e-464b-be9d-8bba66c20f68,0.02970454,0.0,0.0,0.0,0.02970454,0.0,0.0,0.0,0.33333334,6,0.13353139262452263,0.05940908,0
26efda81-218e-464b-be9d-8bba66c20f68,0.02727797,0.0,0.0,0.0,0.02727797,0.0,0.0,0.0,0.33333334,7,0.11778303565638346,0.05455594,0
26efda81-218e-464b-be9d-8bba66c20f68,0.023550723,0.0,0.0,0.0,0.023550723,0.0,0.0,0.0,0.33333334,8,0.1053605156578263,0.047101445,0
26efda81-218e-464b-be9d-8bba66c20f68,0.017399678,0.0,0.0,0.0,0.017399678,0.0,0.0,0.0,0.33333334,9,0.09531017980432487,0.034799356,0
826c776e-aefe-4c7c-ad89-fbcceea4ddb8,0.34244892,0.0,0.0,0.0,0.34244892,0.0,0.0,0.0,0.33333334,0,0.6931471805599453,0.68489784,0
826c776e-aefe-4c7c-ad89-fbcceea4ddb8,0.25288883,0.0,0.0,0.0,0.25288883,0.0,0.0,0.0,0.33333334,1,0.4054651081081644,0.50577766,0
826c776e-aefe-4c7c-ad89-fbcceea4ddb8,0.23772271,0.0,0.0,0.0,0.23772271,0.0,0.0,0.0,0.33333334,2,0.2876820724517809,0.47544542,4
826c776e-aefe-4c7c-ad89-fbcceea4ddb8,0.123173065,0.0,0.0,0.0,0.123173065,0.0,0.0,0.0,0.33333334,3,0.22314355131420976,0.24634613,0
397f4182-24fa-45ab-8ec2-911622265a84,1.2135416,0.7578982,0.33785176,0.771394,1.2135416,0.7578982,0.33785176,0.771394,0.7,0,0.6931471805599453,2.4270833,4
397f4182-24fa-45ab-8ec2-911622265a84,0.4353915,0.0,0.04910937,0.0,0.4353915,0.0,0.04910937,0.0,0.4,1,0.4054651081081644,0.870783,0
397f4182-24fa-45ab-8ec2-911622265a84,0.42840296,0.03321944,0.07046991,0.03321944,0.42840296,0.03321944,0.07046991,0.03321944,0.4,2,0.2876820724517809,0.8568059,0
397f4182-24fa-45ab-8ec2-911622265a84,0.3150758,0.0,0.12868755,0.0,0.3150758,0.0,0.12868755,0.0,0.3,3,0.22314355131420976,0.6301516,0
397f4182-24fa-45ab-8ec2-911622265a84,0.30812168,0.0,0.0,0.0069468264,0.30812168,0.0,0.0,0.0069468264,0.3,4,0.18232155679395462,0.61624336,0
397f4182-24fa-45ab-8ec2-911622265a84,0.27376312,0.0,0.0,0.0,0.27376312,0.0,0.0,0.0,0.3,5,0.1541506798272583,0.54752624,0
397f4182-24fa-45ab-8ec2-911622265a84,0.23988868,0.0,0.0,0.0,0.23988868,0.0,0.0,0.0,0.2,6,0.13353139262452263,0.47977737,0
397f4182-24fa-45ab-8ec2-911622265a84,0.19974858,0.0,0.035234954,0.0,0.19974858,0.0,0.035234954,0.0,0.2,7,0.11778303565638346,0.39949715,0
397f4182-24fa-45ab-8ec2-911622265a84,0.1877869,0.0,0.0,0.0,0.1877869,0.0,0.0,0.0,0.3,8,0.1053605156578263,0.3755738,0
397f4182-24fa-45ab-8ec2-911622265a84,0.17919235,0.0,0.0,0.0,0.17919235,0.0,0.0,0.0,0.1,9,0.09531017980432487,0.3583847,0
8e6dd397-df5d-4fb3-92e3-e10a8c1acb77,0.27983698,0.050728932,0.03344538,0.07968006,0.27983698,0.050728932,0.03344538,0.07968006,0.75,0,0.6931471805599453,0.55967396,0
8e6dd397-df5d-4fb3-92e3-e10a8c1acb77,0.22120175,0.0,0.028162824,0.0,0.22120175,0.0,0.028162824,0.0,0.5,1,0.4054651081081644,0.4424035,3
8e6dd397-df5d-4fb3-92e3-e10a8c1acb77,0.17414078,0.0,0.0,0.0,0.17414078,0.0,0.0,0.0,0.75,2,0.2876820724517809,0.34828156,0
8e6dd397-df5d-4fb3-92e3-e10a8c1acb77,0.045016926,0.0,0.0,0.0,0.045016926,0.0,0.0,0.0,0.5,3,0.22314355131420976,0.09003385,0
8e6dd397-df5d-4fb3-92e3-e10a8c1acb77,0.042478822,0.0,0.0,0.0,0.042478822,0.0,0.0,0.0,0.25,4,0.18232155679395462,0.084957644,0
8e6dd397-df5d-4fb3-92e3-e10a8c1acb77,0.03795591,0.0,0.0,0.0,0.03795591,0.0,0.0,0.0,0.5,5,0.1541506798272583,0.07591182,0
8e6dd397-df5d-4fb3-92e3-e10a8c1acb77,0.03310277,0.008618996,0.0,0.008618996,0.03310277,0.008618996,0.0,0.008618996,0.5,6,0.13353139262452263,0.06620554,0
8e6dd397-df5d-4fb3-92e3-e10a8c1acb77,0.032565787,0.0,0.0,0.0,0.032565787,0.0,0.0,0.0,0.25,7,0.11778303565638346,0.065131575,0
8e6dd397-df5d-4fb3-92e3-e10a8c1acb77,0.032565787,0.0,0.0,0.0,0.032565787,0.0,0.0,0.0,0.25,8,0.1053605156578263,0.065131575,0
8e6dd397-df5d-4fb3-92e3-e10a8c1acb77,0.029306987,0.0,0.0,0.0,0.029306987,0.0,0.0,0.0,0.5,9,0.09531017980432487,0.058613975,0
4aebe2d9-1669-4f98-bdc1-51b93562fe60,0.42921713,0.21374889,0.0,0.21374889,0.42921713,0.21374889,0.0,0.21374889,0.5,0,0.6931471805599453,0.85843426,0
4aebe2d9-1669-4f98-bdc1-51b93562fe60,0.41691506,0.12404744,0.0,0.12404744,0.41691506,0.12404744,0.0,0.12404744,0.5,1,0.4054651081081644,0.8338301,0
4aebe2d9-1669-4f98-bdc1-51b93562fe60,0.34244892,0.0,0.0,0.0,0.34244892,0.0,0.0,0.0,0.25,2,0.2876820724517809,0.68489784,0
4aebe2d9-1669-4f98-bdc1-51b93562fe60,0.1914972,0.0,0.0,0.0,0.1914972,0.0,0.0,0.0,0.25,3,0.22314355131420976,0.3829944,3
4aebe2d9-1669-4f98-bdc1-51b93562fe60,0.123173065,0.0,0.0,0.0,0.123173065,0.0,0.0,0.0,0.25,4,0.18232155679395462,0.24634613,0
f3d7d241-2012-4583-b7f9-7df9e104d3a5,0.5641441,0.08417431,0.11653727,0.09112114,0.5641441,0.08417431,0.11653727,0.09112114,0.8,0,0.6931471805599453,1.1282881,0
f3d7d241-2012-4583-b7f9-7df9e104d3a5,0.4479039,0.0,0.0,0.0,0.4479039,0.0,0.0,0.0,0.8,1,0.4054651081081644,0.8958078,0
f3d7d241-2012-4583-b7f9-7df9e104d3a5,0.22692424,0.0,0.113497704,0.0,0.22692424,0.0,0.113497704,0.0,0.4,2,0.2876820724517809,0.45384848,0
f3d7d241-2012-4583-b7f9-7df9e104d3a5,0.22120175,0.0,0.0,0.028162824,0.22120175,0.0,0.0,0.028162824,0.4,3,0.22314355131420976,0.4424035,3
f3d7d241-2012-4583-b7f9-7df9e104d3a5,0.22120175,0.0,0.067781515,0.0,0.22120175,0.0,0.067781515,0.0,0.4,4,0.18232155679395462,0.4424035,0
f3d7d241-2012-4583-b7f9-7df9e104d3a5,0.19659203,0.0,0.0,0.0,0.19659203,0.0,0.0,0.0,0.4,5,0.1541506798272583,0.39318407,0
f3d7d241-2012-4583-b7f9-7df9e104d3a5,0.16796672,0.0,0.0,0.0,0.16796672,0.0,0.0,0.0,0.2,6,0.13353139262452263,0.33593345,0
f3d7d241-2012-4583-b7f9-7df9e104d3a5,0.1344217,0.050728932,0.0,0.050728932,0.1344217,0.050728932,0.0,0.050728932,0.4,7,0.11778303565638346,0.2688434,0
f3d7d241-2012-4583-b7f9-7df9e104d3a5,0.123173065,0.0,0.0,0.0,0.123173065,0.0,0.0,0.0,0.2,8,0.1053605156578263,0.24634613,0
f3d7d241-2012-4583-b7f9-7df9e104d3a5,0.105796404,0.0,0.0,0.0,0.105796404,0.0,0.0,0.0,0.2,9,0.09531017980432487,0.21159281,0
bb571b60-6b41-4191-a93c-3e29833d59b6,0.35156217,0.0,0.0,0.0,0.35156217,0.0,0.0,0.0,0.33333334,0,0.6931471805599453,0.70312434,3
bb571b60-6b41-4191-a93c-3e29833d59b6,0.08873733,0.0,0.0,0.0,0.08873733,0.0,0.0,0.0,0.33333334,1,0.4054651081081644,0.17747466,0
bb571b60-6b41-4191-a93c-3e29833d59b6,0.042478822,0.0,0.0,0.0,0.042478822,0.0,0.0,0.0,0.33333334,2,0.2876820724517809,0.084957644,0
bb571b60-6b41-4191-a93c-3e29833d59b6,0.032565787,0.0,0.0,0.0,0.032565787,0.0,0.0,0.0,0.33333334,3,0.22314355131420976,0.065131575,0
bb571b60-6b41-4191-a93c-3e29833d59b6,0.032565787,0.0,0.0,0.0,0.032565787,0.0,0.0,0.0,0.33333334,4,0.18232155679395462,0.065131575,0
bb571b60-6b41-4191-a93c-3e29833d59b6,0.02970454,0.0,0.0,0.0,0.02970454,0.0,0.0,0.0,0.33333334,5,0.1541506798272583,0.05940908,0
bb571b60-6b41-4191-a93c-3e29833d59b6,0.02970454,0.0,0.0,0.0,0.02970454,0.0,0.0,0.0,0.33333334,6,0.13353139262452263,0.05940908,0
bb571b60-6b41-4191-a93c-3e29833d59b6,0.02727797,0.0,0.0,0.0,0.02727797,0.0,0.0,0.0,0.33333334,7,0.11778303565638346,0.05455594,0
bb571b60-6b41-4191-a93c-3e29833d59b6,0.023550723,0.0,0.0,0.0,0.023550723,0.0,0.0,0.0,0.33333334,8,0.1053605156578263,0.047101445,0
bb571b60-6b41-4191-a93c-3e29833d59b6,0.017399678,0.0,0.0,0.0,0.017399678,0.0,0.0,0.0,0.33333334,9,0.09531017980432487,0.034799356,0
432168bc-0e84-4b0f-b238-4ac2b1042c57,0.34244892,0.0,0.0,0.0,0.34244892,0.0,0.0,0.0,0.5,0,0.6931471805599453,0.68489784,0
432168bc-0e84-4b0f-b238-4ac2b1042c57,0.29031798,0.04512398,0.0,0.04512398,0.29031798,0.04512398,0.0,0.04512398,0.33333334,1,0.4054651081081644,0.58063596,0
432168bc-0e84-4b0f-b238-4ac2b1042c57,0.20979421,0.101947695,0.037175424,0.101947695,0.20979421,0.101947695,0.037175424,0.101947695,0.6666667,2,0.2876820724517809,0.41958842,3
432168bc-0e84-4b0f-b238-4ac2b1042c57,0.20979421,0.101947695,0.037175424,0.101947695,0.20979421,0.101947695,0.037175424,0.101947695,0.6666667,3,0.22314355131420976,0.41958842,0
432168bc-0e84-4b0f-b238-4ac2b1042c57,0.18924353,0.079282075,0.004642571,0.079282075,0.18924353,0.079282075,0.004642571,0.079282075,0.6666667,4,0.18232155679395462,0.37848705,0
432168bc-0e84-4b0f-b238-4ac2b1042c57,0.14835142,0.0,0.0,0.0,0.14835142,0.0,0.0,0.0,0.33333334,5,0.1541506798272583,0.29670283,0
432168bc-0e84-4b0f-b238-4ac2b1042c57,0.12527062,0.02200901,0.0,0.02200901,0.12527062,0.02200901,0.0,0.02200901,0.33333334,6,0.13353139262452263,0.25054124,0
432168bc-0e84-4b0f-b238-4ac2b1042c57,0.12107863,0.0048917476,0.018058354,0.0048917476,0.12107863,0.0048917476,0.018058354,0.0048917476,0.5,7,0.11778303565638346,0.24215727,0
432168bc-0e84-4b0f-b238-4ac2b1042c57,0.10840363,0.0,0.0,0.0,0.10840363,0.0,0.0,0.0,0.16666667,8,0.1053605156578263,0.21680726,0
432168bc-0e84-4b0f-b238-4ac2b1042c57,0.07331851,0.0,0.0,0.0,0.07331851,0.0,0.0,0.0,0.16666667,9,0.09531017980432487,0.14663702,0
2c07b06d-8381-4e47-a688-226fecafcee0,0.3655259,0.0,0.0,0.0,0.3655259,0.0,0.0,0.0,0.5,0,0.6931471805599453,0.7310518,3
2c07b06d-8381-4e47-a688-226fecafcee0,0.29621437,0.0,0.0,0.0069468264,0.29621437,0.0,0.0,0.0069468264,0.5,1,0.4054651081081644,0.59242874,0
2c07b06d-8381-4e47-a688-226fecafcee0,0.27376312,0.0,0.0,0.0,0.27376312,0.0,0.0,0.0,0.5,2,0.2876820724517809,0.54752624,0
2c07b06d-8381-4e47-a688-226fecafcee0,0.19435845,0.0,0.0,0.0,0.19435845,0.0,0.0,0.0,0.25,3,0.22314355131420976,0.3887169,0
2c07b06d-8381-4e47-a688-226fecafcee0,0.15215315,0.0,0.0,0.0,0.15215315,0.0,0.0,0.0,0.5,4,0.18232155679395462,0.3043063,0
2c07b06d-8381-4e47-a688-226fecafcee0,0.13713679,0.0,0.0,0.0,0.13713679,0.0,0.0,0.0,0.5,5,0.1541506798272583,0.27427357,0
2c07b06d-8381-4e47-a688-226fecafcee0,0.105796404,0.0,0.0,0.0,0.105796404,0.0,0.0,0.0,0.25,6,0.13353139262452263,0.21159281,0
2c07b06d-8381-4e47-a688-226fecafcee0,0.035131123,0.0,0.0,0.0,0.035131123,0.0,0.0,0.0,0.25,7,0.11778303565638346,0.070262246,0
2c07b06d-8381-4e47-a688-226fecafcee0,0.023905499,0.0,0.0,0.0,0.023905499,0.0,0.0,0.0,0.25,8,0.1053605156578263,0.047810998,0
2c07b06d-8381-4e47-a688-226fecafcee0,0.023905499,0.0,0.0,0.0,0.023905499,0.0,0.0,0.0,0.25,9,0.09531017980432487,0.047810998,0
998ec928-3b50-427c-b459-f9733a2c914b,0.3751129,0.0,0.0,0.033768293,0.3751129,0.0,0.0,0.033768293,0.6666667,0,0.6931471805599453,0.7502258,4
998ec928-3b50-427c-b459-f9733a2c914b,0.08873733,0.0,0.0,0.0,0.08873733,0.0,0.0,0.0,0.33333334,1,0.4054651081081644,0.17747466,0
998ec928-3b50-427c-b459-f9733a2c914b,0.042478822,0.0,0.0,0.0,0.042478822,0.0,0.0,0.0,0.33333334,2,0.2876820724517809,0.084957644,0
998ec928-3b50-427c-b459-f9733a2c914b,0.032565787,0.0,0.0,0.0,0.032565787,0.0,0.0,0.0,0.33333334,3,0.22314355131420976,0.065131575,0
998ec928-3b50-427c-b459-f9733a2c914b,0.032565787,0.0,0.0,0.0,0.032565787,0.0,0.0,0.0,0.33333334,4,0.18232155679395462,0.065131575,0
998ec928-3b50-427c-b459-f9733a2c914b,0.02970454,0.0,0.0,0.0,0.02970454,0.0,0.0,0.0,0.33333334,5,0.1541506798272583,0.05940908,0
998ec928-3b50-427c-b459-f9733a2c914b,0.02970454,0.0,0.0,0.0,0.02970454,0.0,0.0,0.0,0.33333334,6,0.13353139262452263,0.05940908,0
998ec928-3b50-427c-b459-f9733a2c914b,0.02727797,0.0,0.0,0.0,0.02727797,0.0,0.0,0.0,0.33333334,7,0.11778303565638346,0.05455594,0
998ec928-3b50-427c-b459-f9733a2c914b,0.017399678,0.0,0.0,0.0,0.017399678,0.0,0.0,0.0,0.33333334,8,0.1053605156578263,0.034799356,0
998ec928-3b50-427c-b459-f9733a2c914b,0.017399678,0.0,0.0,0.0,0.017399678,0.0,0.0,0.0,0.33333334,9,0.09531017980432487,0.034799356,0
b2fdfff5-1fc5-492a-81f4-585b1b8eebc9,0.34244892,0.0,0.0,0.0,0.34244892,0.0,0.0,0.0,0.33333334,0,0.6931471805599453,0.68489784,0
b2fdfff5-1fc5-492a-81f4-585b1b8eebc9,0.1485069,0.0,0.0,0.0,0.1485069,0.0,0.0,0.0,0.33333334,1,0.4054651081081644,0.2970138,0
b2fdfff5-1fc5-492a-81f4-585b1b8eebc9,0.1485069,0.0,0.0,0.0,0.1485069,0.0,0.0,0.0,0.33333334,2,0.2876820724517809,0.2970138,4
b2fdfff5-1fc5-492a-81f4-585b1b8eebc9,0.14235584,0.0,0.0,0.0,0.14235584,0.0,0.0,0.0,0.33333334,3,0.22314355131420976,0.2847117,0
b2fdfff5-1fc5-492a-81f4-585b1b8eebc9,0.13113022,0.0,0.0,0.0,0.13113022,0.0,0.0,0.0,0.33333334,4,0.18232155679395462,0.26226044,0
b2fdfff5-1fc5-492a-81f4-585b1b8eebc9,0.123173065,0.0,0.0,0.0,0.123173065,0.0,0.0,0.0,0.33333334,5,0.1541506798272583,0.24634613,0
4a1baee7-8c42-4e3e-a246-d2cc0d729033,1.5436056,1.2325164,0.683451,1.2325164,1.5436056,1.2325164,0.683451,1.2325164,0.75,0,0.6931471805599453,3.0872111,4
4a1baee7-8c42-4e3e-a246-d2cc0d729033,0.41332737,0.095152825,0.0,0.095152825,0.41332737,0.095152825,0.0,0.095152825,0.33333334,1,0.4054651081081644,0.82665473,0
4a1baee7-8c42-4e3e-a246-d2cc0d729033,0.41264874,0.033697803,0.0,0.033697803,0.41264874,0.033697803,0.0,0.033697803,0.5,2,0.2876820724517809,0.8252975,0
4a1baee7-8c42-4e3e-a246-d2cc0d729033,0.3273802,0.095152825,0.0,0.095152825,0.3273802,0.095152825,0.0,0.095152825,0.33333334,3,0.22314355131420976,0.6547604,0
4a1baee7-8c42-4e3e-a246-d2cc0d729033,0.26792967,0.0,0.0,0.0,0.26792967,0.0,0.0,0.0,0.16666667,4,0.18232155679395462,0.53585935,0
4a1baee7-8c42-4e3e-a246-d2cc0d729033,0.23772271,0.0,0.0,0.0,0.23772271,0.0,0.0,0.0,0.083333336,5,0.1541506798272583,0.47544542,0
4a1baee7-8c42-4e3e-a246-d2cc0d729033,0.22692424,0.0,0.0,0.0,0.22692424,0.0,0.0,0.0,0.16666667,6,0.13353139262452263,0.45384848,0
4a1baee7-8c42-4e3e-a246-d2cc0d729033,0.1470417,0.029663555,0.0,0.029663555,0.1470417,0.029663555,0.0,0.029663555,0.33333334,7,0.11778303565638346,0.2940834,0
4a1baee7-8c42-4e3e-a246-d2cc0d729033,0.08832125,0.0,0.0,0.0,0.08832125,0.0,0.0,0.0,0.16666667,8,0.1053605156578263,0.1766425,0
4a1baee7-8c42-4e3e-a246-d2cc0d729033,0.07601916,0.0,0.0,0.0,0.07601916,0.0,0.0,0.0,0.16666667,9,0.09531017980432487,0.15203832,0
5138743b-475d-46db-a2af-d1e3795f80a0,0.508893,0.18008463,0.0,0.18008463,0.508893,0.18008463,0.0,0.18008463,0.5,0,0.6931471805599453,1.017786,4
5138743b-475d-46db-a2af-d1e3795f80a0,0.50577766,0.17696925,0.0,0.17696925,0.50577766,0.17696925,0.0,0.17696925,0.5,1,0.4054651081081644,1.0115553,0
5138743b-475d-46db-a2af-d1e3795f80a0,0.08873733,0.0,0.0,0.0,0.08873733,0.0,0.0,0.0,0.25,2,0.2876820724517809,0.17747466,0
5138743b-475d-46db-a2af-d1e3795f80a0,0.042478822,0.0,0.0,0.0,0.042478822,0.0,0.0,0.0,0.25,3,0.22314355131420976,0.084957644,0
5138743b-475d-46db-a2af-d1e3795f80a0,0.032565787,0.0,0.0,0.0,0.032565787,0.0,0.0,0.0,0.25,4,0.18232155679395462,0.065131575,0
5138743b-475d-46db-a2af-d1e3795f80a0,0.032565787,0.0,0.0,0.0,0.032565787,0.0,0.0,0.0,0.25,5,0.1541506798272583,0.065131575,0
5138743b-475d-46db-a2af-d1e3795f80a0,0.02970454,0.0,0.0,0.0,0.02970454,0.0,0.0,0.0,0.25,6,0.13353139262452263,0.05940908,0
5138743b-475d-46db-a2af-d1e3795f80a0,0.02970454,0.0,0.0,0.0,0.02970454,0.0,0.0,0.0,0.25,7,0.11778303565638346,0.05940908,0
5138743b-475d-46db-a2af-d1e3795f80a0,0.02727797,0.0,0.0,0.0,0.02727797,0.0,0.0,0.0,0.25,8,0.1053605156578263,0.05455594,0
5138743b-475d-46db-a2af-d1e3795f80a0,0.023550723,0.0,0.0,0.0,0.023550723,0.0,0.0,0.0,0.25,9,0.09531017980432487,0.047101445,0
89c25fcd-b03c-4a74-85f5-b1801856f05d,0.34244892,0.0,0.0,0.0,0.34244892,0.0,0.0,0.0,0.33333334,0,0.6931471805599453,0.68489784,0
89c25fcd-b03c-4a74-85f5-b1801856f05d,0.15907966,0.0,0.0,0.0,0.15907966,0.0,0.0,0.0,0.33333334,1,0.4054651081081644,0.3181593,4
89c25fcd-b03c-4a74-85f5-b1801856f05d,0.15907966,0.0,0.0,0.0,0.15907966,0.0,0.0,0.0,0.33333334,2,0.2876820724517809,0.3181593,0
89c25fcd-b03c-4a74-85f5-b1801856f05d,0.15752195,0.0,0.0,0.0,0.15752195,0.0,0.0,0.0,0.33333334,3,0.22314355131420976,0.3150439,0
89c25fcd-b03c-4a74-85f5-b1801856f05d,0.15752195,0.0,0.0,0.0,0.15752195,0.0,0.0,0.0,0.33333334,4,0.18232155679395462,0.3150439,0
89c25fcd-b03c-4a74-85f5-b1801856f05d,0.123173065,0.0,0.0,0.0,0.123173065,0.0,0.0,0.0,0.33333334,5,0.1541506798272583,0.24634613,0
32c3e4bc-80f3-4406-9420-0db93cd019ce,0.508893,0.18008463,0.0,0.18008463,0.508893,0.18008463,0.0,0.18008463,0.4,0,0.6931471805599453,1.017786,4
32c3e4bc-80f3-4406-9420-0db93cd019ce,0.50577766,0.17696925,0.0,0.17696925,0.50577766,0.17696925,0.0,0.17696925,0.4,1,0.4054651081081644,1.0115553,0
32c3e4bc-80f3-4406-9420-0db93cd019ce,0.35156217,0.0,0.0,0.0,0.35156217,0.0,0.0,0.0,0.2,2,0.2876820724517809,0.70312434,0
32c3e4bc-80f3-4406-9420-0db93cd019ce,0.29621437,0.0,0.0,0.0069468264,0.29621437,0.0,0.0,0.0069468264,0.4,3,0.22314355131420976,0.59242874,0
32c3e4bc-80f3-4406-9420-0db93cd019ce,0.27376312,0.0,0.0,0.0,0.27376312,0.0,0.0,0.0,0.4,4,0.18232155679395462,0.54752624,0
32c3e4bc-80f3-4406-9420-0db93cd019ce,0.19435845,0.0,0.0,0.0,0.19435845,0.0,0.0,0.0,0.2,5,0.1541506798272583,0.3887169,0
32c3e4bc-80f3-4406-9420-0db93cd019ce,0.123173065,0.0,0.0,0.0,0.123173065,0.0,0.0,0.0,0.2,6,0.13353139262452263,0.24634613,0
32c3e4bc-80f3-4406-9420-0db93cd019ce,0.11702202,0.0,0.0,0.0,0.11702202,0.0,0.0,0.0,0.2,7,0.11778303565638346,0.23404405,0
32c3e4bc-80f3-4406-9420-0db93cd019ce,0.105796404,0.0,0.0,0.0,0.105796404,0.0,0.0,0.0,0.2,8,0.1053605156578263,0.21159281,0
cd469bf4-e159-474f-9cee-e4bdd6068804,0.3849517,0.050728932,0.11653727,0.057675757,0.3849517,0.050728932,0.11653727,0.057675757,0.6,0,0.6931471805599453,0.7699034,0
cd469bf4-e159-474f-9cee-e4bdd6068804,0.27993718,0.0,0.0,0.0,0.27993718,0.0,0.0,0.0,0.6,1,0.4054651081081644,0.55987436,0
cd469bf4-e159-474f-9cee-e4bdd6068804,0.22692424,0.0,0.113497704,0.0,0.22692424,0.0,0.113497704,0.0,0.4,2,0.2876820724517809,0.45384848,0
cd469bf4-e159-474f-9cee-e4bdd6068804,0.22120175,0.0,0.067781515,0.0,0.22120175,0.0,0.067781515,0.0,0.4,3,0.22314355131420976,0.4424035,0
cd469bf4-e159-474f-9cee-e4bdd6068804,0.19659203,0.0,0.0,0.0,0.19659203,0.0,0.0,0.0,0.4,4,0.18232155679395462,0.39318407,0
cd469bf4-e159-474f-9cee-e4bdd6068804,0.16796672,0.0,0.0,0.0,0.16796672,0.0,0.0,0.0,0.2,5,0.1541506798272583,0.33593345,0
cd469bf4-e159-474f-9cee-e4bdd6068804,0.15384379,6.8168767E-4,0.0,6.8168767E-4,0.15384379,6.8168767E-4,0.0,6.8168767E-4,0.4,6,0.13353139262452263,0.30768758,0
cd469bf4-e159-474f-9cee-e4bdd6068804,0.1344217,0.050728932,0.0,0.050728932,0.1344217,0.050728932,0.0,0.050728932,0.4,7,0.11778303565638346,0.2688434,0
cd469bf4-e159-474f-9cee-e4bdd6068804,0.123173065,0.0,0.0,0.0,0.123173065,0.0,0.0,0.0,0.2,8,0.1053605156578263,0.24634613,1
cd469bf4-e159-474f-9cee-e4bdd6068804,0.105796404,0.0,0.0,0.0,0.105796404,0.0,0.0,0.0,0.2,9,0.09531017980432487,0.21159281,0
