question_id,f0,f1,f2,f3,f4,f5,f6,f7,f8,r1,r2,s,ground_truth
59a528d8-4b8a-4bbb-9e4c-04bc73433d85,0.60524654,0.39639017,0.2681208,0.39639017,0.60524654,0.39639017,0.2681208,0.39639017,0.71428573,0,0.6931471805599453,1.2104931,4
59a528d8-4b8a-4bbb-9e4c-04bc73433d85,0.299775,0.0,0.0,0.0,0.299775,0.0,0.0,0.0,0.42857146,1,0.4054651081081644,0.59955,0
59a528d8-4b8a-4bbb-9e4c-04bc73433d85,0.18937287,0.0,0.0,0.0068802973,0.18937287,0.0,0.0,0.0068802973,0.5714286,2,0.2876820724517809,0.37874573,0
59a528d8-4b8a-4bbb-9e4c-04bc73433d85,0.07980607,0.006085472,0.0,0.006085472,0.07980607,0.006085472,0.0,0.006085472,0.42857146,3,0.22314355131420976,0.15961213,0
59a528d8-4b8a-4bbb-9e4c-04bc73433d85,0.078300126,0.0,0.0,0.0,0.078300126,0.0,0.0,0.0,0.42857146,4,0.18232155679395462,0.15660025,0
59a528d8-4b8a-4bbb-9e4c-04bc73433d85,0.071941085,0.00566501,0.0,0.00566501,0.071941085,0.00566501,0.0,0.00566501,0.5714286,5,0.1541506798272583,0.14388217,0
59a528d8-4b8a-4bbb-9e4c-04bc73433d85,0.06963203,0.0,0.0034164393,0.0,0.06963203,0.0,0.0034164393,0.0,0.42857146,6,0.13353139262452263,0.13926406,0
59a528d8-4b8a-4bbb-9e4c-04bc73433d85,0.05032015,0.0,0.0,0.0,0.05032015,0.0,0.0,0.0,0.2857143,7,0.11778303565638346,0.1006403,0
59a528d8-4b8a-4bbb-9e4c-04bc73433d85,0.046990972,0.0,0.0,0.0,0.046990972,0.0,0.0,0.0,0.2857143,8,0.1053605156578263,0.093981944,0
59a528d8-4b8a-4bbb-9e4c-04bc73433d85,0.043237813,0.0046368716,0.0,0.0096122585,0.043237813,0.0046368716,0.0,0.0096122585,0.2857143,9,0.09531017980432487,0.086475626,0
442eabf1-1efd-4a8b-87ca-051456ddc603,0.60524654,0.39639017,0.2681208,0.39639017,0.60524654,0.39639017,0.2681208,0.39639017,0.71428573,0,0.6931471805599453,1.2104931,4
442eabf1-1efd-4a8b-87ca-051456ddc603,0.4002483,0.0,0.0,0.0,0.4002483,0.0,0.0,0.0,0.5714286,1,0.4054651081081644,0.8004966,0
442eabf1-1efd-4a8b-87ca-051456ddc603,0.20450911,0.0,0.0,0.0,0.20450911,0.0,0.0,0.0,0.2857143,2,0.2876820724517809,0.40901822,0
442eabf1-1efd-4a8b-87ca-051456ddc603,0.18085684,0.0,0.0,0.0068802973,0.18085684,0.0,0.0,0.0068802973,0.42857146,3,0.22314355131420976,0.36171368,0
442eabf1-1efd-4a8b-87ca-051456ddc603,0.13783772,0.01810592,0.0,0.01810592,0.13783772,0.01810592,0.0,0.01810592,0.42857146,4,0.18232155679395462,0.27567545,0
442eabf1-1efd-4a8b-87ca-051456ddc603,0.06963203,0.0,0.0034164393,0.0,0.06963203,0.0,0.0034164393,0.0,0.42857146,5,0.1541506798272583,0.13926406,0
442eabf1-1efd-4a8b-87ca-051456ddc603,0.06342506,0.00566501,0.0,0.00566501,0.06342506,0.00566501,0.0,0.00566501,0.42857146,6,0.13353139262452263,0.12685011,0
442eabf1-1efd-4a8b-87ca-051456ddc603,0.058558483,0.0,0.0,0.0,0.058558483,0.0,0.0,0.0,0.2857143,7,0.11778303565638346,0.117116965,0
442eabf1-1efd-4a8b-87ca-051456ddc603,0.053913374,0.0,0.0,0.0,0.053913374,0.0,0.0,0.0,0.2857143,8,0.1053605156578263,0.10782675,0
442eabf1-1efd-4a8b-87ca-051456ddc603,0.043237813,0.0046368716,0.0,0.0096122585,0.043237813,0.0046368716,0.0,0.0096122585,0.2857143,9,0.09531017980432487,0.086475626,0
3441cfa8-21a8-4c2c-9d98-16b0babd53cf,0.7365227,0.39639017,0.2681208,0.4111346,0.7365227,0.39639017,0.2681208,0.4111346,0.8571429,0,0.6931471805599453,1.4730453,4
3441cfa8-21a8-4c2c-9d98-16b0babd53cf,0.52022976,0.054862745,0.0,0.063511126,0.52022976,0.054862745,0.0,0.063511126,0.5714286,1,0.4054651081081644,1.0404595,0
3441cfa8-21a8-4c2c-9d98-16b0babd53cf,0.47412622,0.0,0.0,0.0068802973,0.47412622,0.0,0.0,0.0068802973,0.71428573,2,0.2876820724517809,0.94825244,0
3441cfa8-21a8-4c2c-9d98-16b0babd53cf,0.2057616,0.0,0.0,0.0,0.2057616,0.0,0.0,0.0,0.14285715,3,0.22314355131420976,0.4115232,0
3441cfa8-21a8-4c2c-9d98-16b0babd53cf,0.14270431,0.0,0.0,0.0,0.14270431,0.0,0.0,0.0,0.5714286,4,0.18232155679395462,0.28540862,0
3441cfa8-21a8-4c2c-9d98-16b0babd53cf,0.11389951,0.0,0.0,0.0,0.11389951,0.0,0.0,0.0,0.14285715,5,0.1541506798272583,0.22779901,0
3441cfa8-21a8-4c2c-9d98-16b0babd53cf,0.06963203,0.0,0.0034164393,0.0,0.06963203,0.0,0.0034164393,0.0,0.42857146,6,0.13353139262452263,0.13926406,0
3441cfa8-21a8-4c2c-9d98-16b0babd53cf,0.06342506,0.00566501,0.0,0.00566501,0.06342506,0.00566501,0.0,0.00566501,0.42857146,7,0.11778303565638346,0.12685011,0
3441cfa8-21a8-4c2c-9d98-16b0babd53cf,0.058558483,0.0,0.0,0.0,0.058558483,0.0,0.0,0.0,0.2857143,8,0.1053605156578263,0.117116965,0
3441cfa8-21a8-4c2c-9d98-16b0babd53cf,0.053913374,0.0,0.0,0.0,0.053913374,0.0,0.0,0.0,0.2857143,9,0.09531017980432487,0.10782675,0
12d2f784-e331-48f4-8385-db8181e5eb1e,1.7651323,1.003633,0.45405632,1.003633,1.7651323,1.003633,0.45405632,1.003633,0.75,0,0.6931471805599453,3.5302646,3
12d2f784-e331-48f4-8385-db8181e5eb1e,0.15798089,0.0,0.0,0.0,0.15798089,0.0,0.0,0.0,0.125,1,0.4054651081081644,0.31596178,0
12d2f784-e331-48f4-8385-db8181e5eb1e,0.15449335,0.0,0.0,0.0,0.15449335,0.0,0.0,0.0,0.375,2,0.2876820724517809,0.3089867,0
12d2f784-e331-48f4-8385-db8181e5eb1e,0.14912024,0.0,0.0,0.0,0.14912024,0.0,0.0,0.0,0.25,3,0.22314355131420976,0.29824048,0
12d2f784-e331-48f4-8385-db8181e5eb1e,0.122263774,0.0,0.0,0.0,0.122263774,0.0,0.0,0.0,0.25,4,0.18232155679395462,0.24452755,0
12d2f784-e331-48f4-8385-db8181e5eb1e,0.0952659,0.0,0.0,0.0,0.0952659,0.0,0.0,0.0,0.125,5,0.1541506798272583,0.1905318,0
12d2f784-e331-48f4-8385-db8181e5eb1e,0.06667259,0.0,0.0,0.0,0.06667259,0.0,0.0,0.0,0.25,6,0.13353139262452263,0.13334519,0
12d2f784-e331-48f4-8385-db8181e5eb1e,0.0609501,0.0,0.0,0.0,0.0609501,0.0,0.0,0.0,0.25,7,0.11778303565638346,0.1219002,0
12d2f784-e331-48f4-8385-db8181e5eb1e,0.048642464,0.0,0.0,0.0,0.048642464,0.0,0.0,0.0,0.25,8,0.1053605156578263,0.09728493,0
12d2f784-e331-48f4-8385-db8181e5eb1e,0.03634038,0.0,0.0,0.0,0.03634038,0.0,0.0,0.0,0.25,9,0.09531017980432487,0.07268076,0
93755b0d-2d1e-410d-a503-4d7436d17bcc,1.7064257,0.9309422,0.45115578,0.9309422,1.7064257,0.9309422,0.45115578,0.9309422,0.75,0,0.6931471805599453,3.4128513,3
93755b0d-2d1e-410d-a503-4d7436d17bcc,0.44723797,0.0,0.0,0.0,0.44723797,0.0,0.0,0.0,0.375,1,0.4054651081081644,0.89447594,0
93755b0d-2d1e-410d-a503-4d7436d17bcc,0.3656768,0.0,0.0,0.0,0.3656768,0.0,0.0,0.0,0.125,2,0.2876820724517809,0.7313536,0
93755b0d-2d1e-410d-a503-4d7436d17bcc,0.2313685,0.0,0.0,0.0,0.2313685,0.0,0.0,0.0,0.125,3,0.22314355131420976,0.462737,0
93755b0d-2d1e-410d-a503-4d7436d17bcc,0.14060421,0.0,0.0,0.0,0.14060421,0.0,0.0,0.0,0.125,4,0.18232155679395462,0.28120843,0
93755b0d-2d1e-410d-a503-4d7436d17bcc,0.14060421,0.0,0.0,0.0,0.14060421,0.0,0.0,0.0,0.125,5,0.1541506798272583,0.28120843,0
93755b0d-2d1e-410d-a503-4d7436d17bcc,0.14060421,0.0,0.0,0.0,0.14060421,0.0,0.0,0.0,0.125,6,0.13353139262452263,0.28120843,0
93755b0d-2d1e-410d-a503-4d7436d17bcc,0.12512513,0.0,0.0,0.0,0.12512513,0.0,0.0,0.0,0.125,7,0.11778303565638346,0.25025025,0
93755b0d-2d1e-410d-a503-4d7436d17bcc,0.12512513,0.0,0.0,0.0,0.12512513,0.0,0.0,0.0,0.125,8,0.1053605156578263,0.25025025,0
9059a5ea-44a6-4aa7-9091-12943e3a3875,1.7651323,1.003633,0.45405632,1.003633,1.7651323,1.003633,0.45405632,1.003633,0.75,0,0.6931471805599453,3.5302646,3
9059a5ea-44a6-4aa7-9091-12943e3a3875,0.4338736,0.0,0.0,0.0,0.4338736,0.0,0.0,0.0,0.375,1,0.4054651081081644,0.8677472,0
9059a5ea-44a6-4aa7-9091-12943e3a3875,0.31572062,0.0,0.0,0.008648378,0.31572062,0.0,0.0,0.008648378,0.25,2,0.2876820724517809,0.63144124,0
9059a5ea-44a6-4aa7-9091-12943e3a3875,0.25987682,0.0,0.0,0.0,0.25987682,0.0,0.0,0.0,0.375,3,0.22314355131420976,0.51975363,0
9059a5ea-44a6-4aa7-9091-12943e3a3875,0.2057616,0.0,0.0,0.0,0.2057616,0.0,0.0,0.0,0.125,4,0.18232155679395462,0.4115232,0
9059a5ea-44a6-4aa7-9091-12943e3a3875,0.15798089,0.0,0.0,0.0,0.15798089,0.0,0.0,0.0,0.125,5,0.1541506798272583,0.31596178,0
9059a5ea-44a6-4aa7-9091-12943e3a3875,0.13127618,0.0,0.0,0.0,0.13127618,0.0,0.0,0.0,0.125,6,0.13353139262452263,0.26255235,0
9059a5ea-44a6-4aa7-9091-12943e3a3875,0.11389951,0.0,0.0,0.0,0.11389951,0.0,0.0,0.0,0.125,7,0.11778303565638346,0.22779901,0
9059a5ea-44a6-4aa7-9091-12943e3a3875,0.0752728,0.0,0.0,0.0,0.0752728,0.0,0.0,0.0,0.125,8,0.1053605156578263,0.1505456,0
9059a5ea-44a6-4aa7-9091-12943e3a3875,0.03176484,0.0,0.0,0.0,0.03176484,0.0,0.0,0.0,0.125,9,0.09531017980432487,0.06352968,0
814f5895-48e9-447a-a713-99b5ef1e3d2b,0.8208605,0.4212014,0.23404536,0.44510388,0.8208605,0.4212014,0.23404536,0.44510388,0.7777778,0,0.6931471805599453,1.641721,4
814f5895-48e9-447a-a713-99b5ef1e3d2b,0.67225415,0.07401564,0.01810592,0.07585343,0.67225415,0.07401564,0.01810592,0.07585343,0.44444445,1,0.4054651081081644,1.3445083,0
814f5895-48e9-447a-a713-99b5ef1e3d2b,0.282617,0.0,0.0,0.023253933,0.282617,0.0,0.0,0.023253933,0.33333334,2,0.2876820724517809,0.565234,0
814f5895-48e9-447a-a713-99b5ef1e3d2b,0.26859364,0.0,0.0,0.0,0.26859364,0.0,0.0,0.0,0.6666667,3,0.22314355131420976,0.5371873,0
814f5895-48e9-447a-a713-99b5ef1e3d2b,0.26632085,0.0,0.00566501,0.0,0.26632085,0.0,0.00566501,0.0,0.44444445,4,0.18232155679395462,0.5326417,0
814f5895-48e9-447a-a713-99b5ef1e3d2b,0.17283192,0.0,0.0,0.0,0.17283192,0.0,0.0,0.0,0.44444445,5,0.1541506798272583,0.34566385,0
814f5895-48e9-447a-a713-99b5ef1e3d2b,0.16056174,0.0,0.0,0.0,0.16056174,0.0,0.0,0.0,0.33333334,6,0.13353139262452263,0.32112348,0
814f5895-48e9-447a-a713-99b5ef1e3d2b,0.1501123,0.0,9.0962386E-4,0.0,0.1501123,0.0,9.0962386E-4,0.0,0.33333334,7,0.11778303565638346,0.3002246,0
814f5895-48e9-447a-a713-99b5ef1e3d2b,0.10917952,0.0,0.0,0.0,0.10917952,0.0,0.0,0.0,0.22222222,8,0.1053605156578263,0.21835904,0
814f5895-48e9-447a-a713-99b5ef1e3d2b,0.100832775,0.0,0.0,0.0,0.100832775,0.0,0.0,0.0,0.22222222,9,0.09531017980432487,0.20166555,0
b35832b5-71f8-4ba7-9575-1ddd1f5dce12,1.275939,0.72117823,0.20743178,0.7317253,1.275939,0.72117823,0.20743178,0.7317253,0.7777778,0,0.6931471805599453,2.551878,4
b35832b5-71f8-4ba7-9575-1ddd1f5dce12,0.89877236,0.092882454,0.023581842,0.14156687,0.89877236,0.092882454,0.023581842,0.14156687,0.5555556,1,0.4054651081081644,1.7975447,0
b35832b5-71f8-4ba7-9575-1ddd1f5dce12,0.5207449,0.0,0.0,0.023253933,0.5207449,0.0,0.0,0.023253933,0.33333334,2,0.2876820724517809,1.0414898,0
b35832b5-71f8-4ba7-9575-1ddd1f5dce12,0.3656768,0.0,0.0,0.0,0.3656768,0.0,0.0,0.0,0.11111111,3,0.22314355131420976,0.7313536,0
b35832b5-71f8-4ba7-9575-1ddd1f5dce12,0.33738902,0.0,0.0,0.0,0.33738902,0.0,0.0,0.0,0.22222222,4,0.18232155679395462,0.67477804,0
b35832b5-71f8-4ba7-9575-1ddd1f5dce12,0.20890422,0.0,0.0,0.0,0.20890422,0.0,0.0,0.0,0.22222222,5,0.1541506798272583,0.41780844,0
b35832b5-71f8-4ba7-9575-1ddd1f5dce12,0.13127618,0.0,0.0,0.0,0.13127618,0.0,0.0,0.0,0.11111111,6,0.13353139262452263,0.26255235,0
b35832b5-71f8-4ba7-9575-1ddd1f5dce12,0.12512513,0.0,0.0,0.0,0.12512513,0.0,0.0,0.0,0.11111111,7,0.11778303565638346,0.25025025,0
b35832b5-71f8-4ba7-9575-1ddd1f5dce12,0.12512513,0.0,0.0,0.0,0.12512513,0.0,0.0,0.0,0.11111111,8,0.1053605156578263,0.25025025,0
b35832b5-71f8-4ba7-9575-1ddd1f5dce12,0.11389951,0.0,0.0,0.0,0.11389951,0.0,0.0,0.0,0.11111111,9,0.09531017980432487,0.22779901,0
4d887560-0e5d-415b-8782-3be921e27d7e,0.25204152,0.0,0.0,0.0,0.25204152,0.0,0.0,0.0,0.5,0,0.6931471805599453,0.50408304,4
4d887560-0e5d-415b-8782-3be921e27d7e,0.25204152,0.0,0.0,0.0,0.25204152,0.0,0.0,0.0,0.5,1,0.4054651081081644,0.50408304,0
4d887560-0e5d-415b-8782-3be921e27d7e,0.20047379,0.0,0.0,0.0,0.20047379,0.0,0.0,0.0,0.5,2,0.2876820724517809,0.40094757,0
4d887560-0e5d-415b-8782-3be921e27d7e,0.1905955,0.0,0.0,0.0,0.1905955,0.0,0.0,0.0,0.5,3,0.22314355131420976,0.381191,0
4d887560-0e5d-415b-8782-3be921e27d7e,0.17936987,0.0,0.0,0.0,0.17936987,0.0,0.0,0.0,0.5,4,0.18232155679395462,0.35873973,0
69a040ec-b05e-4cbd-9ab6-f2d1c7b57b68,0.4758391,0.22321059,0.04384072,0.22321059,0.4758391,0.22321059,0.04384072,0.22321059,0.75,0,0.6931471805599453,0.9516782,4
69a040ec-b05e-4cbd-9ab6-f2d1c7b57b68,0.25204152,0.0,0.0,0.0,0.25204152,0.0,0.0,0.0,0.25,1,0.4054651081081644,0.50408304,0
69a040ec-b05e-4cbd-9ab6-f2d1c7b57b68,0.25204152,0.0,0.0,0.0,0.25204152,0.0,0.0,0.0,0.25,2,0.2876820724517809,0.50408304,0
69a040ec-b05e-4cbd-9ab6-f2d1c7b57b68,0.0952659,0.0,0.0,0.0,0.0952659,0.0,0.0,0.0,0.25,3,0.22314355131420976,0.1905318,0
69a040ec-b05e-4cbd-9ab6-f2d1c7b57b68,0.046990972,0.0,0.0,0.0,0.046990972,0.0,0.0,0.0,0.25,4,0.18232155679395462,0.093981944,0
69a040ec-b05e-4cbd-9ab6-f2d1c7b57b68,0.03490776,0.0,0.0,0.0,0.03490776,0.0,0.0,0.0,0.25,5,0.1541506798272583,0.06981552,0
69a040ec-b05e-4cbd-9ab6-f2d1c7b57b68,0.03490776,0.0,0.0,0.0,0.03490776,0.0,0.0,0.0,0.25,6,0.13353139262452263,0.06981552,0
69a040ec-b05e-4cbd-9ab6-f2d1c7b57b68,0.032046508,0.0,0.0,0.0,0.032046508,0.0,0.0,0.0,0.25,7,0.11778303565638346,0.064093016,0
69a040ec-b05e-4cbd-9ab6-f2d1c7b57b68,0.02961994,0.0,0.0,0.0,0.02961994,0.0,0.0,0.0,0.25,8,0.1053605156578263,0.05923988,0
69a040ec-b05e-4cbd-9ab6-f2d1c7b57b68,0.025892692,0.0,0.0,0.0,0.025892692,0.0,0.0,0.0,0.25,9,0.09531017980432487,0.051785383,0
d414eff8-079a-4952-b941-b5bc1dcd935b,0.3656768,0.0,0.0,0.0,0.3656768,0.0,0.0,0.0,0.33333334,0,0.6931471805599453,0.7313536,0
d414eff8-079a-4952-b941-b5bc1dcd935b,0.15801916,0.0,0.0,0.0,0.15801916,0.0,0.0,0.0,0.33333334,1,0.4054651081081644,0.3160383,4
d414eff8-079a-4952-b941-b5bc1dcd935b,0.12512513,0.0,0.0,0.0,0.12512513,0.0,0.0,0.0,0.33333334,2,0.2876820724517809,0.25025025,0
d414eff8-079a-4952-b941-b5bc1dcd935b,0.08511977,0.0,0.0,0.0,0.08511977,0.0,0.0,0.0,0.33333334,3,0.22314355131420976,0.17023954,0
d414eff8-079a-4952-b941-b5bc1dcd935b,0.08511977,0.0,0.0,0.0,0.08511977,0.0,0.0,0.0,0.33333334,4,0.18232155679395462,0.17023954,0
d414eff8-079a-4952-b941-b5bc1dcd935b,0.08511977,0.0,0.0,0.0,0.08511977,0.0,0.0,0.0,0.33333334,5,0.1541506798272583,0.17023954,0
d414eff8-079a-4952-b941-b5bc1dcd935b,0.078968726,0.0,0.0,0.0,0.078968726,0.0,0.0,0.0,0.33333334,6,0.13353139262452263,0.15793745,0
d414eff8-079a-4952-b941-b5bc1dcd935b,0.078968726,0.0,0.0,0.0,0.078968726,0.0,0.0,0.0,0.33333334,7,0.11778303565638346,0.15793745,0
d414eff8-079a-4952-b941-b5bc1dcd935b,0.06774311,0.0,0.0,0.0,0.06774311,0.0,0.0,0.0,0.33333334,8,0.1053605156578263,0.13548622,0
a4312bd7-09c6-4483-8dab-0f1444c2e5ba,0.4109865,0.055066343,0.1259143,0.06371472,0.4109865,0.055066343,0.1259143,0.06371472,0.6,0,0.6931471805599453,0.821973,0
a4312bd7-09c6-4483-8dab-0f1444c2e5ba,0.3017854,0.0,0.0,0.0,0.3017854,0.0,0.0,0.0,0.6,1,0.4054651081081644,0.6035708,0
a4312bd7-09c6-4483-8dab-0f1444c2e5ba,0.24066935,0.0,0.120975785,0.0,0.24066935,0.0,0.120975785,0.0,0.4,2,0.2876820724517809,0.4813387,0
a4312bd7-09c6-4483-8dab-0f1444c2e5ba,0.23009372,0.0,0.06806679,0.0,0.23009372,0.0,0.06806679,0.0,0.4,3,0.22314355131420976,0.46018744,0
a4312bd7-09c6-4483-8dab-0f1444c2e5ba,0.21033713,0.0,0.0,0.0,0.21033713,0.0,0.0,0.0,0.4,4,0.18232155679395462,0.42067426,0
a4312bd7-09c6-4483-8dab-0f1444c2e5ba,0.17936987,0.0,0.0,0.0,0.17936987,0.0,0.0,0.0,0.2,5,0.1541506798272583,0.35873973,0
a4312bd7-09c6-4483-8dab-0f1444c2e5ba,0.16653518,0.0026879972,0.0,0.0026879972,0.16653518,0.0026879972,0.0,0.0026879972,0.4,6,0.13353139262452263,0.33307037,4
a4312bd7-09c6-4483-8dab-0f1444c2e5ba,0.13127618,0.0,0.0,0.0,0.13127618,0.0,0.0,0.0,0.2,7,0.11778303565638346,0.26255235,0
a4312bd7-09c6-4483-8dab-0f1444c2e5ba,0.122415535,0.04384072,0.0,0.04384072,0.122415535,0.04384072,0.0,0.04384072,0.4,8,0.1053605156578263,0.24483107,0
a4312bd7-09c6-4483-8dab-0f1444c2e5ba,0.11389951,0.0,0.0,0.0,0.11389951,0.0,0.0,0.0,0.2,9,0.09531017980432487,0.22779901,0
bb917f77-8127-47f6-8899-dc8abcb09376,0.30211538,0.075280346,0.0,0.075280346,0.30211538,0.075280346,0.0,0.075280346,0.6666667,0,0.6931471805599453,0.60423076,0
bb917f77-8127-47f6-8899-dc8abcb09376,0.2619198,0.0,0.0,0.0,0.2619198,0.0,0.0,0.0,0.33333334,1,0.4054651081081644,0.5238396,4
bb917f77-8127-47f6-8899-dc8abcb09376,0.0952659,0.0,0.0,0.0,0.0952659,0.0,0.0,0.0,0.33333334,2,0.2876820724517809,0.1905318,0
bb917f77-8127-47f6-8899-dc8abcb09376,0.046990972,0.0,0.0,0.0,0.046990972,0.0,0.0,0.0,0.33333334,3,0.22314355131420976,0.093981944,0
bb917f77-8127-47f6-8899-dc8abcb09376,0.03490776,0.0,0.0,0.0,0.03490776,0.0,0.0,0.0,0.33333334,4,0.18232155679395462,0.06981552,0
bb917f77-8127-47f6-8899-dc8abcb09376,0.032046508,0.0,0.0,0.0,0.032046508,0.0,0.0,0.0,0.33333334,5,0.1541506798272583,0.064093016,0
bb917f77-8127-47f6-8899-dc8abcb09376,0.02961994,0.0,0.0,0.0,0.02961994,0.0,0.0,0.0,0.33333334,6,0.13353139262452263,0.05923988,0
bb917f77-8127-47f6-8899-dc8abcb09376,0.025892692,0.0,0.0,0.0,0.025892692,0.0,0.0,0.0,0.33333334,7,0.11778303565638346,0.051785383,0
bb917f77-8127-47f6-8899-dc8abcb09376,0.019741647,0.0,0.0,0.0,0.019741647,0.0,0.0,0.0,0.33333334,8,0.1053605156578263,0.039483294,0
bb917f77-8127-47f6-8899-dc8abcb09376,0.019741647,0.0,0.0,0.0,0.019741647,0.0,0.0,0.0,0.33333334,9,0.09531017980432487,0.039483294,0
e38ebd77-97a2-48a0-935a-164bfdf430b6,0.8573479,0.5560311,0.25094506,0.5560311,0.8573479,0.5560311,0.25094506,0.5560311,0.6666667,0,0.6931471805599453,1.7146958,4
e38ebd77-97a2-48a0-935a-164bfdf430b6,0.3656768,0.0,0.0,0.0,0.3656768,0.0,0.0,0.0,0.33333334,1,0.4054651081081644,0.7313536,0
e38ebd77-97a2-48a0-935a-164bfdf430b6,0.16644219,0.009905485,0.0,0.009905485,0.16644219,0.009905485,0.0,0.009905485,0.33333334,2,0.2876820724517809,0.33288437,0
e38ebd77-97a2-48a0-935a-164bfdf430b6,0.12512513,0.0,0.0,0.0,0.12512513,0.0,0.0,0.0,0.16666667,3,0.22314355131420976,0.25025025,0
e38ebd77-97a2-48a0-935a-164bfdf430b6,0.10083842,0.0,0.0,0.0,0.10083842,0.0,0.0,0.0,0.33333334,4,0.18232155679395462,0.20167685,0
e38ebd77-97a2-48a0-935a-164bfdf430b6,0.09506093,0.01935288,0.0,0.0316717,0.09506093,0.01935288,0.0,0.0316717,0.33333334,5,0.1541506798272583,0.19012186,0
e38ebd77-97a2-48a0-935a-164bfdf430b6,0.08853634,0.0,0.0,0.0,0.08853634,0.0,0.0,0.0,0.33333334,6,0.13353139262452263,0.17707267,0
e38ebd77-97a2-48a0-935a-164bfdf430b6,0.08511977,0.0,0.0,0.0,0.08511977,0.0,0.0,0.0,0.16666667,7,0.11778303565638346,0.17023954,0
e38ebd77-97a2-48a0-935a-164bfdf430b6,0.06774311,0.01935288,0.0,0.01935288,0.06774311,0.01935288,0.0,0.01935288,0.33333334,8,0.1053605156578263,0.13548622,0
e38ebd77-97a2-48a0-935a-164bfdf430b6,0.027317822,0.0,0.0,0.0,0.027317822,0.0,0.0,0.0,0.16666667,9,0.09531017980432487,0.054635644,0
6f7e620a-6496-4caf-9afc-acec07c7ffad,0.47296923,0.0,0.0,0.0,0.47296923,0.0,0.0,0.0,0.4,0,0.6931471805599453,0.94593847,0
6f7e620a-6496-4caf-9afc-acec07c7ffad,0.31572062,0.0,0.0,0.008648378,0.31572062,0.0,0.0,0.008648378,0.4,1,0.4054651081081644,0.63144124,0
6f7e620a-6496-4caf-9afc-acec07c7ffad,0.29326937,0.0,0.0,0.0,0.29326937,0.0,0.0,0.0,0.4,2,0.2876820724517809,0.58653873,0
6f7e620a-6496-4caf-9afc-acec07c7ffad,0.2619198,0.0,0.0,0.0,0.2619198,0.0,0.0,0.0,0.2,3,0.22314355131420976,0.5238396,4
6f7e620a-6496-4caf-9afc-acec07c7ffad,0.20047379,0.0,0.0,0.0,0.20047379,0.0,0.0,0.0,0.2,4,0.18232155679395462,0.40094757,0
6f7e620a-6496-4caf-9afc-acec07c7ffad,0.1905955,0.0,0.0,0.0,0.1905955,0.0,0.0,0.0,0.2,5,0.1541506798272583,0.381191,0
6f7e620a-6496-4caf-9afc-acec07c7ffad,0.17936987,0.0,0.0,0.0,0.17936987,0.0,0.0,0.0,0.2,6,0.13353139262452263,0.35873973,0
6f7e620a-6496-4caf-9afc-acec07c7ffad,0.13127618,0.0,0.0,0.0,0.13127618,0.0,0.0,0.0,0.2,7,0.11778303565638346,0.26255235,0
6f7e620a-6496-4caf-9afc-acec07c7ffad,0.11389951,0.0,0.0,0.0,0.11389951,0.0,0.0,0.0,0.2,8,0.1053605156578263,0.22779901,0
6f7e620a-6496-4caf-9afc-acec07c7ffad,0.11389951,0.0,0.0,0.0,0.11389951,0.0,0.0,0.0,0.2,9,0.09531017980432487,0.22779901,0
b6aab227-7d3f-4ac8-9b1a-740aec28542e,0.35077217,0.23770785,0.008904617,0.23770785,0.35077217,0.23770785,0.008904617,0.23770785,0.75,0,0.6931471805599453,0.70154434,4
b6aab227-7d3f-4ac8-9b1a-740aec28542e,0.2619198,0.0,0.0,0.0,0.2619198,0.0,0.0,0.0,0.25,1,0.4054651081081644,0.5238396,0
b6aab227-7d3f-4ac8-9b1a-740aec28542e,0.0952659,0.0,0.0,0.0,0.0952659,0.0,0.0,0.0,0.25,2,0.2876820724517809,0.1905318,0
b6aab227-7d3f-4ac8-9b1a-740aec28542e,0.07328515,0.0,0.0,0.0,0.07328515,0.0,0.0,0.0,0.25,3,0.22314355131420976,0.1465703,0
b6aab227-7d3f-4ac8-9b1a-740aec28542e,0.06925604,0.0,0.0,0.0,0.06925604,0.0,0.0,0.0,0.5,4,0.18232155679395462,0.13851207,0
b6aab227-7d3f-4ac8-9b1a-740aec28542e,0.06383775,0.0,0.0,0.0,0.06383775,0.0,0.0,0.0,0.5,5,0.1541506798272583,0.1276755,0
b6aab227-7d3f-4ac8-9b1a-740aec28542e,0.039641727,0.0,0.0,0.0,0.039641727,0.0,0.0,0.0,0.25,6,0.13353139262452263,0.07928345,0
b6aab227-7d3f-4ac8-9b1a-740aec28542e,0.039641727,0.0,0.0,0.0,0.039641727,0.0,0.0,0.0,0.25,7,0.11778303565638346,0.07928345,0
b6aab227-7d3f-4ac8-9b1a-740aec28542e,0.039641727,0.0,0.0,0.0,0.039641727,0.0,0.0,0.0,0.25,8,0.1053605156578263,0.07928345,0
b6aab227-7d3f-4ac8-9b1a-740aec28542e,0.039641727,0.0,0.0,0.0,0.039641727,0.0,0.0,0.0,0.25,9,0.09531017980432487,0.07928345,0
28500c20-0ca9-48a2-aad7-0753bcbad8fd,0.41472307,0.22086214,0.0,0.22086214,0.41472307,0.22086214,0.0,0.22086214,0.5,0,0.6931471805599453,0.82944614,4
28500c20-0ca9-48a2-aad7-0753bcbad8fd,0.3656768,0.0,0.0,0.0,0.3656768,0.0,0.0,0.0,0.5,1,0.4054651081081644,0.7313536,0
28500c20-0ca9-48a2-aad7-0753bcbad8fd,0.12512513,0.0,0.0,0.0,0.12512513,0.0,0.0,0.0,0.25,2,0.2876820724517809,0.25025025,0
28500c20-0ca9-48a2-aad7-0753bcbad8fd,0.0952659,0.0,0.0,0.0,0.0952659,0.0,0.0,0.0,0.25,3,0.22314355131420976,0.1905318,0
28500c20-0ca9-48a2-aad7-0753bcbad8fd,0.046990972,0.0,0.0,0.0,0.046990972,0.0,0.0,0.0,0.25,4,0.18232155679395462,0.093981944,0
28500c20-0ca9-48a2-aad7-0753bcbad8fd,0.03490776,0.0,0.0,0.0,0.03490776,0.0,0.0,0.0,0.25,5,0.1541506798272583,0.06981552,0
28500c20-0ca9-48a2-aad7-0753bcbad8fd,0.032046508,0.0,0.0,0.0,0.032046508,0.0,0.0,0.0,0.25,6,0.13353139262452263,0.064093016,0
28500c20-0ca9-48a2-aad7-0753bcbad8fd,0.02961994,0.0,0.0,0.0,0.02961994,0.0,0.0,0.0,0.25,7,0.11778303565638346,0.05923988,0
28500c20-0ca9-48a2-aad7-0753bcbad8fd,0.025892692,0.0,0.0,0.0,0.025892692,0.0,0.0,0.0,0.25,8,0.1053605156578263,0.051785383,0
28500c20-0ca9-48a2-aad7-0753bcbad8fd,0.019741647,0.0,0.0,0.0,0.019741647,0.0,0.0,0.0,0.25,9,0.09531017980432487,0.039483294,0
8853ea07-86f6-4f8f-bc5b-272f2f0e11d9,1.3161644,1.1408657,0.5738849,1.1408657,1.3161644,1.1408657,0.5738849,1.1408657,0.75,0,0.6931471805599453,2.6323287,4
8853ea07-86f6-4f8f-bc5b-272f2f0e11d9,0.4109865,0.0,0.0,0.008648378,0.4109865,0.0,0.0,0.008648378,0.375,1,0.4054651081081644,0.821973,0
8853ea07-86f6-4f8f-bc5b-272f2f0e11d9,0.3017854,0.0,0.0,0.0,0.3017854,0.0,0.0,0.0,0.375,2,0.2876820724517809,0.6035708,0
8853ea07-86f6-4f8f-bc5b-272f2f0e11d9,0.2619198,0.0,0.0,0.0,0.2619198,0.0,0.0,0.0,0.125,3,0.22314355131420976,0.5238396,0
8853ea07-86f6-4f8f-bc5b-272f2f0e11d9,0.23009372,0.06806679,0.0,0.06806679,0.23009372,0.06806679,0.0,0.06806679,0.25,4,0.18232155679395462,0.46018744,0
8853ea07-86f6-4f8f-bc5b-272f2f0e11d9,0.21033713,0.0,0.0,0.0,0.21033713,0.0,0.0,0.0,0.25,5,0.1541506798272583,0.42067426,0
8853ea07-86f6-4f8f-bc5b-272f2f0e11d9,0.20163493,0.0,0.0,0.0,0.20163493,0.0,0.0,0.0,0.25,6,0.13353139262452263,0.40326986,0
8853ea07-86f6-4f8f-bc5b-272f2f0e11d9,0.18718466,0.0,0.0,0.0,0.18718466,0.0,0.0,0.0,0.25,7,0.11778303565638346,0.37436932,0
8853ea07-86f6-4f8f-bc5b-272f2f0e11d9,0.14468059,0.0,0.0,0.0,0.14468059,0.0,0.0,0.0,0.375,8,0.1053605156578263,0.28936118,0
8853ea07-86f6-4f8f-bc5b-272f2f0e11d9,0.13127618,0.0,0.0,0.0,0.13127618,0.0,0.0,0.0,0.125,9,0.09531017980432487,0.26255235,0
71a49b37-9c87-405b-bb31-5ef7a342e4d1,0.78740066,0.16756356,0.06532043,0.16756356,0.78740066,0.16756356,0.06532043,0.16756356,0.71428573,0,0.6931471805599453,1.5748013,3
71a49b37-9c87-405b-bb31-5ef7a342e4d1,0.4278595,0.019529419,0.034256477,0.019529419,0.4278595,0.019529419,0.034256477,0.019529419,0.5714286,1,0.4054651081081644,0.855719,0
71a49b37-9c87-405b-bb31-5ef7a342e4d1,0.33715037,0.0,0.025608098,0.010547033,0.33715037,0.0,0.025608098,0.010547033,0.42857146,2,0.2876820724517809,0.67430073,0
71a49b37-9c87-405b-bb31-5ef7a342e4d1,0.3282694,0.0,0.0,0.0,0.3282694,0.0,0.0,0.0,0.2857143,3,0.22314355131420976,0.6565388,0
71a49b37-9c87-405b-bb31-5ef7a342e4d1,0.29783428,0.0,0.0,0.0,0.29783428,0.0,0.0,0.0,0.2857143,4,0.18232155679395462,0.59566855,0
71a49b37-9c87-405b-bb31-5ef7a342e4d1,0.13650191,0.056029055,0.0,0.056029055,0.13650191,0.056029055,0.0,0.056029055,0.2857143,5,0.1541506798272583,0.27300382,0
71a49b37-9c87-405b-bb31-5ef7a342e4d1,0.11026461,0.025531203,0.0,0.025531203,0.11026461,0.025531203,0.0,0.025531203,0.42857146,6,0.13353139262452263,0.22052921,0
71a49b37-9c87-405b-bb31-5ef7a342e4d1,0.096860185,0.0,0.0,0.0,0.096860185,0.0,0.0,0.0,0.14285715,7,0.11778303565638346,0.19372037,0
71a49b37-9c87-405b-bb31-5ef7a342e4d1,0.096860185,0.0,0.0,0.0,0.096860185,0.0,0.0,0.0,0.14285715,8,0.1053605156578263,0.19372037,0
71a49b37-9c87-405b-bb31-5ef7a342e4d1,0.0952659,0.0,0.0,0.0,0.0952659,0.0,0.0,0.0,0.14285715,9,0.09531017980432487,0.1905318,0
b37dbb5f-cfd0-4eb9-8952-5e6e764ac170,0.4339771,0.16756356,0.06532043,0.16756356,0.4339771,0.16756356,0.06532043,0.16756356,0.5714286,0,0.6931471805599453,0.8679542,3
b37dbb5f-cfd0-4eb9-8952-5e6e764ac170,0.4278595,0.019529419,0.034256477,0.019529419,0.4278595,0.019529419,0.034256477,0.019529419,0.5714286,1,0.4054651081081644,0.855719,0
b37dbb5f-cfd0-4eb9-8952-5e6e764ac170,0.3656768,0.0,0.0,0.0,0.3656768,0.0,0.0,0.0,0.14285715,2,0.2876820724517809,0.7313536,0
b37dbb5f-cfd0-4eb9-8952-5e6e764ac170,0.33715037,0.0,0.025608098,0.010547033,0.33715037,0.0,0.025608098,0.010547033,0.42857146,3,0.22314355131420976,0.67430073,0
b37dbb5f-cfd0-4eb9-8952-5e6e764ac170,0.3282694,0.0,0.0,0.0,0.3282694,0.0,0.0,0.0,0.2857143,4,0.18232155679395462,0.6565388,0
b37dbb5f-cfd0-4eb9-8952-5e6e764ac170,0.13650191,0.056029055,0.0,0.056029055,0.13650191,0.056029055,0.0,0.056029055,0.2857143,5,0.1541506798272583,0.27300382,0
b37dbb5f-cfd0-4eb9-8952-5e6e764ac170,0.12512513,0.0,0.0,0.0,0.12512513,0.0,0.0,0.0,0.14285715,6,0.13353139262452263,0.25025025,0
b37dbb5f-cfd0-4eb9-8952-5e6e764ac170,0.10174858,0.025531203,0.0,0.025531203,0.10174858,0.025531203,0.0,0.025531203,0.2857143,7,0.11778303565638346,0.20349716,0
b37dbb5f-cfd0-4eb9-8952-5e6e764ac170,0.096860185,0.0,0.0,0.0,0.096860185,0.0,0.0,0.0,0.14285715,8,0.1053605156578263,0.19372037,0
b37dbb5f-cfd0-4eb9-8952-5e6e764ac170,0.096860185,0.0,0.0,0.0,0.096860185,0.0,0.0,0.0,0.14285715,9,0.09531017980432487,0.19372037,0
06281cde-f3f5-41ae-9c13-ddcdbcf6491e,0.9013002,0.16756356,0.06532043,0.16756356,0.9013002,0.16756356,0.06532043,0.16756356,0.75,0,0.6931471805599453,1.8026004,3
06281cde-f3f5-41ae-9c13-ddcdbcf6491e,0.4278595,0.019529419,0.034256477,0.019529419,0.4278595,0.019529419,0.034256477,0.019529419,0.5,1,0.4054651081081644,0.855719,0
06281cde-f3f5-41ae-9c13-ddcdbcf6491e,0.4109865,0.0,0.0,0.008648378,0.4109865,0.0,0.0,0.008648378,0.375,2,0.2876820724517809,0.821973,0
06281cde-f3f5-41ae-9c13-ddcdbcf6491e,0.33715037,0.0,0.025608098,0.010547033,0.33715037,0.0,0.025608098,0.010547033,0.375,3,0.22314355131420976,0.67430073,0
06281cde-f3f5-41ae-9c13-ddcdbcf6491e,0.3282694,0.0,0.0,0.0,0.3282694,0.0,0.0,0.0,0.25,4,0.18232155679395462,0.6565388,0
06281cde-f3f5-41ae-9c13-ddcdbcf6491e,0.3017854,0.0,0.0,0.0,0.3017854,0.0,0.0,0.0,0.375,5,0.1541506798272583,0.6035708,0
06281cde-f3f5-41ae-9c13-ddcdbcf6491e,0.29783428,0.0,0.0,0.0,0.29783428,0.0,0.0,0.0,0.25,6,0.13353139262452263,0.59566855,0
06281cde-f3f5-41ae-9c13-ddcdbcf6491e,0.28932613,0.0,0.0,0.0,0.28932613,0.0,0.0,0.0,0.375,7,0.11778303565638346,0.57865226,0
06281cde-f3f5-41ae-9c13-ddcdbcf6491e,0.22416411,0.025531203,0.0,0.025531203,0.22416411,0.025531203,0.0,0.025531203,0.5,8,0.1053605156578263,0.44832823,0
06281cde-f3f5-41ae-9c13-ddcdbcf6491e,0.13650191,0.056029055,0.0,0.056029055,0.13650191,0.056029055,0.0,0.056029055,0.25,9,0.09531017980432487,0.27300382,0
9937f73b-4975-4849-b745-42e431b895e3,0.35342357,0.0,0.0,0.0,0.35342357,0.0,0.0,0.0,0.33333334,0,0.6931471805599453,0.70684713,0
9937f73b-4975-4849-b745-42e431b895e3,0.25819254,0.0,0.0,0.0,0.25819254,0.0,0.0,0.0,0.33333334,1,0.4054651081081644,0.5163851,3
9937f73b-4975-4849-b745-42e431b895e3,0.0952659,0.0,0.0,0.0,0.0952659,0.0,0.0,0.0,0.33333334,2,0.2876820724517809,0.1905318,0
9937f73b-4975-4849-b745-42e431b895e3,0.046990972,0.0,0.0,0.0,0.046990972,0.0,0.0,0.0,0.33333334,3,0.22314355131420976,0.093981944,0
9937f73b-4975-4849-b745-42e431b895e3,0.03490776,0.0,0.0,0.0,0.03490776,0.0,0.0,0.0,0.33333334,4,0.18232155679395462,0.06981552,0
9937f73b-4975-4849-b745-42e431b895e3,0.03490776,0.0,0.0,0.0,0.03490776,0.0,0.0,0.0,0.33333334,5,0.1541506798272583,0.06981552,0
9937f73b-4975-4849-b745-42e431b895e3,0.032046508,0.0,0.0,0.0,0.032046508,0.0,0.0,0.0,0.33333334,6,0.13353139262452263,0.064093016,0
9937f73b-4975-4849-b745-42e431b895e3,0.02961994,0.0,0.0,0.0,0.02961994,0.0,0.0,0.0,0.33333334,7,0.11778303565638346,0.05923988,0
9937f73b-4975-4849-b745-42e431b895e3,0.025892692,0.0,0.0,0.0,0.025892692,0.0,0.0,0.0,0.33333334,8,0.1053605156578263,0.051785383,0
9937f73b-4975-4849-b745-42e431b895e3,0.019741647,0.0,0.0,0.0,0.019741647,0.0,0.0,0.0,0.33333334,9,0.09531017980432487,0.039483294,0
54af7a99-e0eb-4e12-acca-a41716ff6e60,0.3656768,0.0,0.0,0.0,0.3656768,0.0,0.0,0.0,0.33333334,0,0.6931471805599453,0.7313536,0
54af7a99-e0eb-4e12-acca-a41716ff6e60,0.12512513,0.0,0.0,0.0,0.12512513,0.0,0.0,0.0,0.33333334,1,0.4054651081081644,0.25025025,0
dd7cb7e8-acaf-4f87-bac3-9862e3b534de,0.46732306,0.0,0.0,0.0,0.46732306,0.0,0.0,0.0,0.5,0,0.6931471805599453,0.9346461,0
dd7cb7e8-acaf-4f87-bac3-9862e3b534de,0.4109865,0.0,0.055066343,0.008648378,0.4109865,0.0,0.055066343,0.008648378,0.75,1,0.4054651081081644,0.821973,0
dd7cb7e8-acaf-4f87-bac3-9862e3b534de,0.3017854,0.0,0.0,0.0,0.3017854,0.0,0.0,0.0,0.75,2,0.2876820724517809,0.6035708,0
dd7cb7e8-acaf-4f87-bac3-9862e3b534de,0.25819254,0.0,0.0,0.0,0.25819254,0.0,0.0,0.0,0.25,3,0.22314355131420976,0.5163851,3
dd7cb7e8-acaf-4f87-bac3-9862e3b534de,0.24066935,0.0,0.0,0.0,0.24066935,0.0,0.0,0.0,0.5,4,0.18232155679395462,0.4813387,0
dd7cb7e8-acaf-4f87-bac3-9862e3b534de,0.13127618,0.0,0.0,0.0,0.13127618,0.0,0.0,0.0,0.25,5,0.1541506798272583,0.26255235,0
dd7cb7e8-acaf-4f87-bac3-9862e3b534de,0.122415535,0.0,0.04384072,0.0,0.122415535,0.0,0.04384072,0.0,0.5,6,0.13353139262452263,0.24483107,0
dd7cb7e8-acaf-4f87-bac3-9862e3b534de,0.046990972,0.0,0.0,0.0,0.046990972,0.0,0.0,0.0,0.25,7,0.11778303565638346,0.093981944,0
dd7cb7e8-acaf-4f87-bac3-9862e3b534de,0.03490776,0.0,0.0,0.0,0.03490776,0.0,0.0,0.0,0.25,8,0.1053605156578263,0.06981552,0
dd7cb7e8-acaf-4f87-bac3-9862e3b534de,0.032046508,0.0,0.0,0.0,0.032046508,0.0,0.0,0.0,0.25,9,0.09531017980432487,0.064093016,0
ea866f9a-7517-4296-b469-77381c6fb6a2,0.19674653,0.0,0.0,0.0,0.19674653,0.0,0.0,0.0,0.33333334,0,0.6931471805599453,0.39349306,2
ea866f9a-7517-4296-b469-77381c6fb6a2,0.19674653,0.0,0.0,0.0,0.19674653,0.0,0.0,0.0,0.33333334,1,0.4054651081081644,0.39349306,0
ea866f9a-7517-4296-b469-77381c6fb6a2,0.1878859,0.0,0.0,0.0,0.1878859,0.0,0.0,0.0,0.6666667,2,0.2876820724517809,0.3757718,0
ea866f9a-7517-4296-b469-77381c6fb6a2,0.0952659,0.0,0.0,0.0,0.0952659,0.0,0.0,0.0,0.33333334,3,0.22314355131420976,0.1905318,0
ea866f9a-7517-4296-b469-77381c6fb6a2,0.046990972,0.0,0.0,0.0,0.046990972,0.0,0.0,0.0,0.33333334,4,0.18232155679395462,0.093981944,0
ea866f9a-7517-4296-b469-77381c6fb6a2,0.03490776,0.0,0.0,0.0,0.03490776,0.0,0.0,0.0,0.33333334,5,0.1541506798272583,0.06981552,0
ea866f9a-7517-4296-b469-77381c6fb6a2,0.03490776,0.0,0.0,0.0,0.03490776,0.0,0.0,0.0,0.33333334,6,0.13353139262452263,0.06981552,0
ea866f9a-7517-4296-b469-77381c6fb6a2,0.032046508,0.0,0.0,0.0,0.032046508,0.0,0.0,0.0,0.33333334,7,0.11778303565638346,0.064093016,0
ea866f9a-7517-4296-b469-77381c6fb6a2,0.02961994,0.0,0.0,0.0,0.02961994,0.0,0.0,0.0,0.33333334,8,0.1053605156578263,0.05923988,0
ea866f9a-7517-4296-b469-77381c6fb6a2,0.025892692,0.0,0.0,0.0,0.025892692,0.0,0.0,0.0,0.33333334,9,0.09531017980432487,0.051785383,0
b3a1aaff-0c01-4a14-ab6a-b2aeaeeff753,0.3656768,0.0,0.0,0.0,0.3656768,0.0,0.0,0.0,0.33333334,0,0.6931471805599453,0.7313536,0
b3a1aaff-0c01-4a14-ab6a-b2aeaeeff753,0.22354417,0.0,0.0,0.0,0.22354417,0.0,0.0,0.0,0.33333334,1,0.4054651081081644,0.44708833,0
b3a1aaff-0c01-4a14-ab6a-b2aeaeeff753,0.12512513,0.0,0.0,0.0,0.12512513,0.0,0.0,0.0,0.33333334,2,0.2876820724517809,0.25025025,0
b3a1aaff-0c01-4a14-ab6a-b2aeaeeff753,0.11175518,0.0,0.0,0.0,0.11175518,0.0,0.0,0.0,0.33333334,3,0.22314355131420976,0.22351035,2
b3a1aaff-0c01-4a14-ab6a-b2aeaeeff753,0.11175518,0.0,0.0,0.0,0.11175518,0.0,0.0,0.0,0.33333334,4,0.18232155679395462,0.22351035,0
b3a1aaff-0c01-4a14-ab6a-b2aeaeeff753,0.11175518,0.0,0.0,0.0,0.11175518,0.0,0.0,0.0,0.33333334,5,0.1541506798272583,0.22351035,0
b3a1aaff-0c01-4a14-ab6a-b2aeaeeff753,0.09437851,0.0,0.0,0.0,0.09437851,0.0,0.0,0.0,0.33333334,6,0.13353139262452263,0.18875702,0
6bc61fc7-1ad1-4bb7-abbf-f5007cda1849,1.2716581,0.96034527,0.50536764,0.96034527,1.2716581,0.96034527,0.50536764,0.96034527,0.7,0,0.6931471805599453,2.5433161,2
6bc61fc7-1ad1-4bb7-abbf-f5007cda1849,0.31572062,0.0,0.0,0.008648378,0.31572062,0.0,0.0,0.008648378,0.2,1,0.4054651081081644,0.63144124,0
6bc61fc7-1ad1-4bb7-abbf-f5007cda1849,0.29326937,0.0,0.0,0.0,0.29326937,0.0,0.0,0.0,0.2,2,0.2876820724517809,0.58653873,0
6bc61fc7-1ad1-4bb7-abbf-f5007cda1849,0.27374837,0.0,0.0,0.0,0.27374837,0.0,0.0,0.0,0.2,3,0.22314355131420976,0.54749674,0
6bc61fc7-1ad1-4bb7-abbf-f5007cda1849,0.27050412,0.0,0.0,0.0,0.27050412,0.0,0.0,0.0,0.3,4,0.18232155679395462,0.54100823,0
6bc61fc7-1ad1-4bb7-abbf-f5007cda1849,0.23768911,0.0,0.0,0.0,0.23768911,0.0,0.0,0.0,0.2,5,0.1541506798272583,0.47537822,0
6bc61fc7-1ad1-4bb7-abbf-f5007cda1849,0.22442058,0.0,0.0,0.0,0.22442058,0.0,0.0,0.0,0.2,6,0.13353139262452263,0.44884115,0
6bc61fc7-1ad1-4bb7-abbf-f5007cda1849,0.2057616,0.0,0.0,0.0,0.2057616,0.0,0.0,0.0,0.1,7,0.11778303565638346,0.4115232,0
6bc61fc7-1ad1-4bb7-abbf-f5007cda1849,0.20047379,0.0,0.0,0.0,0.20047379,0.0,0.0,0.0,0.1,8,0.1053605156578263,0.40094757,0
6bc61fc7-1ad1-4bb7-abbf-f5007cda1849,0.1905955,0.0,0.0,0.0,0.1905955,0.0,0.0,0.0,0.1,9,0.09531017980432487,0.381191,0
4c50cec3-8074-4016-bf60-148ae6e9e172,1.4029869,0.94859606,0.45549464,1.0240525,1.4029869,0.94859606,0.45549464,1.0240525,0.75,0,0.6931471805599453,2.8059738,1
4c50cec3-8074-4016-bf60-148ae6e9e172,0.30365968,0.0,0.0,0.0,0.30365968,0.0,0.0,0.0,0.25,1,0.4054651081081644,0.60731936,0
4c50cec3-8074-4016-bf60-148ae6e9e172,0.30365968,0.0,0.0,0.0,0.30365968,0.0,0.0,0.0,0.25,2,0.2876820724517809,0.60731936,0
4c50cec3-8074-4016-bf60-148ae6e9e172,0.28120843,0.0,0.0,0.0,0.28120843,0.0,0.0,0.0,0.25,3,0.22314355131420976,0.56241685,0
4c50cec3-8074-4016-bf60-148ae6e9e172,0.27374837,0.0,0.0,0.0,0.27374837,0.0,0.0,0.0,0.25,4,0.18232155679395462,0.54749674,0
4c50cec3-8074-4016-bf60-148ae6e9e172,0.1905955,0.0,0.0,0.0,0.1905955,0.0,0.0,0.0,0.125,5,0.1541506798272583,0.381191,0
4c50cec3-8074-4016-bf60-148ae6e9e172,0.14136948,0.0,0.0,0.0,0.14136948,0.0,0.0,0.0,0.25,6,0.13353139262452263,0.28273895,0
4c50cec3-8074-4016-bf60-148ae6e9e172,0.11790899,0.0,0.0,0.0,0.11790899,0.0,0.0,0.0,0.125,7,0.11778303565638346,0.23581798,0
4c50cec3-8074-4016-bf60-148ae6e9e172,0.11175518,0.0,0.0,0.0,0.11175518,0.0,0.0,0.0,0.125,8,0.1053605156578263,0.22351035,0
4c50cec3-8074-4016-bf60-148ae6e9e172,0.0952659,0.0,0.0,0.0,0.0952659,0.0,0.0,0.0,0.125,9,0.09531017980432487,0.1905318,0
7d633fe0-f160-4625-8684-f781c2046d50,0.3656768,0.0,0.0,0.0,0.3656768,0.0,0.0,0.0,0.5,0,0.6931471805599453,0.7313536,0
7d633fe0-f160-4625-8684-f781c2046d50,0.2768472,0.13684186,0.0,0.13684186,0.2768472,0.13684186,0.0,0.13684186,0.5,1,0.4054651081081644,0.5536944,1
7d633fe0-f160-4625-8684-f781c2046d50,0.20290035,0.0,0.0,0.0,0.20290035,0.0,0.0,0.0,0.25,2,0.2876820724517809,0.4058007,0
7d633fe0-f160-4625-8684-f781c2046d50,0.17936987,0.0,0.0,0.0,0.17936987,0.0,0.0,0.0,0.25,3,0.22314355131420976,0.35873973,0
7d633fe0-f160-4625-8684-f781c2046d50,0.12512513,0.0,0.0,0.0,0.12512513,0.0,0.0,0.0,0.25,4,0.18232155679395462,0.25025025,0
7d633fe0-f160-4625-8684-f781c2046d50,0.06779306,0.0,0.0,0.0,0.06779306,0.0,0.0,0.0,0.25,5,0.1541506798272583,0.13558611,0
7d633fe0-f160-4625-8684-f781c2046d50,0.06164201,0.0,0.0,0.0,0.06164201,0.0,0.0,0.0,0.25,6,0.13353139262452263,0.12328402,0
7d633fe0-f160-4625-8684-f781c2046d50,0.06164201,0.0,0.0,0.0,0.06164201,0.0,0.0,0.0,0.25,7,0.11778303565638346,0.12328402,0
7d633fe0-f160-4625-8684-f781c2046d50,0.06164201,0.0,0.0,0.0,0.06164201,0.0,0.0,0.0,0.25,8,0.1053605156578263,0.12328402,0
7d633fe0-f160-4625-8684-f781c2046d50,0.06164201,0.0,0.0,0.0,0.06164201,0.0,0.0,0.0,0.25,9,0.09531017980432487,0.12328402,0
02c44729-d96a-4bf4-ad3d-2ddd22eb2882,1.4029869,0.94859606,0.45549464,1.0240525,1.4029869,0.94859606,0.45549464,1.0240525,0.75,0,0.6931471805599453,2.8059738,1
02c44729-d96a-4bf4-ad3d-2ddd22eb2882,0.39510792,0.0,0.0,0.0,0.39510792,0.0,0.0,0.0,0.375,1,0.4054651081081644,0.79021585,0
02c44729-d96a-4bf4-ad3d-2ddd22eb2882,0.31572062,0.0,0.0,0.008648378,0.31572062,0.0,0.0,0.008648378,0.25,2,0.2876820724517809,0.63144124,0
02c44729-d96a-4bf4-ad3d-2ddd22eb2882,0.30365968,0.0,0.0,0.0,0.30365968,0.0,0.0,0.0,0.25,3,0.22314355131420976,0.60731936,0
02c44729-d96a-4bf4-ad3d-2ddd22eb2882,0.30365968,0.0,0.0,0.0,0.30365968,0.0,0.0,0.0,0.25,4,0.18232155679395462,0.60731936,0
02c44729-d96a-4bf4-ad3d-2ddd22eb2882,0.29326937,0.0,0.0,0.0,0.29326937,0.0,0.0,0.0,0.25,5,0.1541506798272583,0.58653873,0
02c44729-d96a-4bf4-ad3d-2ddd22eb2882,0.27374837,0.0,0.0,0.0,0.27374837,0.0,0.0,0.0,0.25,6,0.13353139262452263,0.54749674,0
02c44729-d96a-4bf4-ad3d-2ddd22eb2882,0.2057616,0.0,0.0,0.0,0.2057616,0.0,0.0,0.0,0.125,7,0.11778303565638346,0.4115232,0
02c44729-d96a-4bf4-ad3d-2ddd22eb2882,0.1905955,0.0,0.0,0.0,0.1905955,0.0,0.0,0.0,0.125,8,0.1053605156578263,0.381191,0
02c44729-d96a-4bf4-ad3d-2ddd22eb2882,0.13127618,0.0,0.0,0.0,0.13127618,0.0,0.0,0.0,0.125,9,0.09531017980432487,0.26255235,0
60b7441a-0cd2-4cfb-a7f9-58fc8f2a8435,0.49475074,0.13575998,0.0,0.13575998,0.49475074,0.13575998,0.0,0.13575998,0.5,0,0.6931471805599453,0.9895015,4
60b7441a-0cd2-4cfb-a7f9-58fc8f2a8435,0.122263774,0.0,0.0,0.0,0.122263774,0.0,0.0,0.0,0.5,1,0.4054651081081644,0.24452755,0
60b7441a-0cd2-4cfb-a7f9-58fc8f2a8435,0.0952659,0.0,0.0,0.0,0.0952659,0.0,0.0,0.0,0.25,2,0.2876820724517809,0.1905318,0
60b7441a-0cd2-4cfb-a7f9-58fc8f2a8435,0.06667259,0.0,0.015745256,0.0,0.06667259,0.0,0.015745256,0.0,0.5,3,0.22314355131420976,0.13334519,0
60b7441a-0cd2-4cfb-a7f9-58fc8f2a8435,0.0609501,0.0,1.6388585E-4,0.0,0.0609501,0.0,1.6388585E-4,0.0,0.5,4,0.18232155679395462,0.1219002,0
60b7441a-0cd2-4cfb-a7f9-58fc8f2a8435,0.048642464,0.0,0.0,0.0,0.048642464,0.0,0.0,0.0,0.5,5,0.1541506798272583,0.09728493,0
60b7441a-0cd2-4cfb-a7f9-58fc8f2a8435,0.03634038,0.0,0.0,0.0,0.03634038,0.0,0.0,0.0,0.5,6,0.13353139262452263,0.07268076,0
60b7441a-0cd2-4cfb-a7f9-58fc8f2a8435,0.03490776,0.0,0.0,0.0,0.03490776,0.0,0.0,0.0,0.25,7,0.11778303565638346,0.06981552,0
60b7441a-0cd2-4cfb-a7f9-58fc8f2a8435,0.03148618,0.0,0.0,0.0,0.03148618,0.0,0.0,0.0,0.5,8,0.1053605156578263,0.06297236,0
60b7441a-0cd2-4cfb-a7f9-58fc8f2a8435,0.02961994,0.0,0.0,0.0,0.02961994,0.0,0.0,0.0,0.25,9,0.09531017980432487,0.05923988,0
57a647fa-fd80-4080-b306-41691246355c,0.39981037,0.20891747,0.13127618,0.20891747,0.39981037,0.20891747,0.13127618,0.20891747,0.6,0,0.6931471805599453,0.79962075,4
57a647fa-fd80-4080-b306-41691246355c,0.3656768,0.0,0.0,0.0,0.3656768,0.0,0.0,0.0,0.6,1,0.4054651081081644,0.7313536,0
57a647fa-fd80-4080-b306-41691246355c,0.12512513,0.01810592,0.0,0.01810592,0.12512513,0.01810592,0.0,0.01810592,0.4,2,0.2876820724517809,0.25025025,0
57a647fa-fd80-4080-b306-41691246355c,0.05032015,0.0,0.0,0.0,0.05032015,0.0,0.0,0.0,0.4,3,0.22314355131420976,0.1006403,0
57a647fa-fd80-4080-b306-41691246355c,0.045957357,0.006085472,0.0,0.006085472,0.045957357,0.006085472,0.0,0.006085472,0.4,4,0.18232155679395462,0.09191471,0
57a647fa-fd80-4080-b306-41691246355c,0.04131779,0.012927921,0.0,0.012927921,0.04131779,0.012927921,0.0,0.012927921,0.4,5,0.1541506798272583,0.08263558,0
57a647fa-fd80-4080-b306-41691246355c,0.036464654,0.00981272,0.0,0.00981272,0.036464654,0.00981272,0.0,0.00981272,0.4,6,0.13353139262452263,0.07292931,0
57a647fa-fd80-4080-b306-41691246355c,0.033655267,0.0,0.0,0.0,0.033655267,0.0,0.0,0.0,0.4,7,0.11778303565638346,0.067310534,0
57a647fa-fd80-4080-b306-41691246355c,0.033655267,0.0,0.0,0.0,0.033655267,0.0,0.0,0.0,0.4,8,0.1053605156578263,0.067310534,0
57a647fa-fd80-4080-b306-41691246355c,0.033655267,0.0,0.0,0.003927335,0.033655267,0.0,0.0,0.003927335,0.4,9,0.09531017980432487,0.067310534,0
f3cdcfe2-12bb-4802-aa7e-ef180343256b,0.47200096,0.0,0.0,0.0,0.47200096,0.0,0.0,0.0,0.2,0,0.6931471805599453,0.9440019,4
f3cdcfe2-12bb-4802-aa7e-ef180343256b,0.4109865,0.055066343,0.1259143,0.06371472,0.4109865,0.055066343,0.1259143,0.06371472,0.6,1,0.4054651081081644,0.821973,0
f3cdcfe2-12bb-4802-aa7e-ef180343256b,0.3017854,0.0,0.0,0.0,0.3017854,0.0,0.0,0.0,0.6,2,0.2876820724517809,0.6035708,0
f3cdcfe2-12bb-4802-aa7e-ef180343256b,0.24066935,0.0,0.120975785,0.0,0.24066935,0.0,0.120975785,0.0,0.4,3,0.22314355131420976,0.4813387,0
f3cdcfe2-12bb-4802-aa7e-ef180343256b,0.23009372,0.0,0.06806679,0.0,0.23009372,0.0,0.06806679,0.0,0.4,4,0.18232155679395462,0.46018744,0
f3cdcfe2-12bb-4802-aa7e-ef180343256b,0.21033713,0.0,0.0,0.0,0.21033713,0.0,0.0,0.0,0.4,5,0.1541506798272583,0.42067426,0
f3cdcfe2-12bb-4802-aa7e-ef180343256b,0.17936987,0.0,0.0,0.0,0.17936987,0.0,0.0,0.0,0.2,6,0.13353139262452263,0.35873973,0
f3cdcfe2-12bb-4802-aa7e-ef180343256b,0.13127618,0.0,0.0,0.0,0.13127618,0.0,0.0,0.0,0.2,7,0.11778303565638346,0.26255235,0
f3cdcfe2-12bb-4802-aa7e-ef180343256b,0.122415535,0.04384072,0.0,0.04384072,0.122415535,0.04384072,0.0,0.04384072,0.4,8,0.1053605156578263,0.24483107,0
f3cdcfe2-12bb-4802-aa7e-ef180343256b,0.11389951,0.0,0.0,0.0,0.11389951,0.0,0.0,0.0,0.2,9,0.09531017980432487,0.22779901,0
0d6b42d2-d00a-4b5b-b121-8ed4042870df,0.9891429,0.6921134,0.32376975,0.6921134,0.9891429,0.6921134,0.32376975,0.6921134,0.6666667,0,0.6931471805599453,1.9782858,3
0d6b42d2-d00a-4b5b-b121-8ed4042870df,0.34397617,0.0,0.0,0.0,0.34397617,0.0,0.0,0.0,0.16666667,1,0.4054651081081644,0.68795234,0
0d6b42d2-d00a-4b5b-b121-8ed4042870df,0.0952659,0.0,0.0,0.0,0.0952659,0.0,0.0,0.0,0.16666667,2,0.2876820724517809,0.1905318,0
0d6b42d2-d00a-4b5b-b121-8ed4042870df,0.076688595,0.0,0.0,0.0,0.076688595,0.0,0.0,0.0,0.33333334,3,0.22314355131420976,0.15337719,0
0d6b42d2-d00a-4b5b-b121-8ed4042870df,0.06438651,0.0,0.0,0.0,0.06438651,0.0,0.0,0.0,0.33333334,4,0.18232155679395462,0.12877302,0
0d6b42d2-d00a-4b5b-b121-8ed4042870df,0.046990972,0.0,0.0,0.0,0.046990972,0.0,0.0,0.0,0.16666667,5,0.1541506798272583,0.093981944,0
0d6b42d2-d00a-4b5b-b121-8ed4042870df,0.041935265,0.0,0.0,0.0,0.041935265,0.0,0.0,0.0,0.33333334,6,0.13353139262452263,0.08387053,0
0d6b42d2-d00a-4b5b-b121-8ed4042870df,0.03490776,0.0,0.0,0.0,0.03490776,0.0,0.0,0.0,0.16666667,7,0.11778303565638346,0.06981552,0
0d6b42d2-d00a-4b5b-b121-8ed4042870df,0.03490776,0.0,0.0,0.0,0.03490776,0.0,0.0,0.0,0.16666667,8,0.1053605156578263,0.06981552,0
0d6b42d2-d00a-4b5b-b121-8ed4042870df,0.034571487,0.0,0.0,0.0,0.034571487,0.0,0.0,0.0,0.33333334,9,0.09531017980432487,0.069142975,0
7d3186b3-e660-4a1c-9d46-228a6a4d6cec,0.3656768,0.0,0.0,0.0,0.3656768,0.0,0.0,0.0,0.33333334,0,0.6931471805599453,0.7313536,0
7d3186b3-e660-4a1c-9d46-228a6a4d6cec,0.14857176,0.0,0.0,0.0,0.14857176,0.0,0.0,0.0,0.33333334,1,0.4054651081081644,0.29714352,0
7d3186b3-e660-4a1c-9d46-228a6a4d6cec,0.12512513,0.0,0.0,0.0,0.12512513,0.0,0.0,0.0,0.33333334,2,0.2876820724517809,0.25025025,0
7d3186b3-e660-4a1c-9d46-228a6a4d6cec,0.08884702,0.0,0.0,0.0,0.08884702,0.0,0.0,0.0,0.33333334,3,0.22314355131420976,0.17769404,0
7d3186b3-e660-4a1c-9d46-228a6a4d6cec,0.08511977,0.0,0.0,0.0,0.08511977,0.0,0.0,0.0,0.33333334,4,0.18232155679395462,0.17023954,3
7d3186b3-e660-4a1c-9d46-228a6a4d6cec,0.08511977,0.0,0.0,0.0,0.08511977,0.0,0.0,0.0,0.33333334,5,0.1541506798272583,0.17023954,0
7d3186b3-e660-4a1c-9d46-228a6a4d6cec,0.078968726,0.0,0.0,0.0,0.078968726,0.0,0.0,0.0,0.33333334,6,0.13353139262452263,0.15793745,0
7d3186b3-e660-4a1c-9d46-228a6a4d6cec,0.06774311,0.0,0.0,0.0,0.06774311,0.0,0.0,0.0,0.33333334,7,0.11778303565638346,0.13548622,0
7d3186b3-e660-4a1c-9d46-228a6a4d6cec,0.06774311,0.0,0.0,0.0,0.06774311,0.0,0.0,0.0,0.33333334,8,0.1053605156578263,0.13548622,0
d521d67e-d2e5-4633-99ec-c814f315e1d1,1.2087677,0.8442533,0.48737717,0.84492606,1.2087677,0.8442533,0.48737717,0.84492606,0.7,0,0.6931471805599453,2.4175353,3
d521d67e-d2e5-4633-99ec-c814f315e1d1,0.49254793,0.0,0.0,0.0,0.49254793,0.0,0.0,0.0,0.3,1,0.4054651081081644,0.98509586,0
d521d67e-d2e5-4633-99ec-c814f315e1d1,0.31572062,0.0,0.0,0.008648378,0.31572062,0.0,0.0,0.008648378,0.2,2,0.2876820724517809,0.63144124,0
d521d67e-d2e5-4633-99ec-c814f315e1d1,0.29475635,0.0,0.0,0.0,0.29475635,0.0,0.0,0.0,0.3,3,0.22314355131420976,0.5895127,0
d521d67e-d2e5-4633-99ec-c814f315e1d1,0.2057616,0.0,0.0,0.0,0.2057616,0.0,0.0,0.0,0.1,4,0.18232155679395462,0.4115232,0
d521d67e-d2e5-4633-99ec-c814f315e1d1,0.20330809,0.0,0.0,0.0,0.20330809,0.0,0.0,0.0,0.2,5,0.1541506798272583,0.40661618,0
d521d67e-d2e5-4633-99ec-c814f315e1d1,0.20047379,0.0,0.0,0.0,0.20047379,0.0,0.0,0.0,0.1,6,0.13353139262452263,0.40094757,0
d521d67e-d2e5-4633-99ec-c814f315e1d1,0.1885027,0.0,0.0,0.0,0.1885027,0.0,0.0,0.0,0.4,7,0.11778303565638346,0.3770054,0
d521d67e-d2e5-4633-99ec-c814f315e1d1,0.18085684,0.0,0.0,0.0,0.18085684,0.0,0.0,0.0,0.2,8,0.1053605156578263,0.36171368,0
d521d67e-d2e5-4633-99ec-c814f315e1d1,0.16212162,0.0,0.0,0.0,0.16212162,0.0,0.0,0.0,0.2,9,0.09531017980432487,0.32424325,0
092d6dc7-8891-4f62-828b-1730236bea71,0.37080023,0.0,0.0,0.0,0.37080023,0.0,0.0,0.0,0.25,0,0.6931471805599453,0.74160045,4
092d6dc7-8891-4f62-828b-1730236bea71,0.0952659,0.0,0.0,0.0,0.0952659,0.0,0.0,0.0,0.25,1,0.4054651081081644,0.1905318,0
092d6dc7-8891-4f62-828b-1730236bea71,0.046990972,0.0,0.0,0.0,0.046990972,0.0,0.0,0.0,0.25,2,0.2876820724517809,0.093981944,0
092d6dc7-8891-4f62-828b-1730236bea71,0.03490776,0.0,0.0,0.0,0.03490776,0.0,0.0,0.0,0.25,3,0.22314355131420976,0.06981552,0
092d6dc7-8891-4f62-828b-1730236bea71,0.03490776,0.0,0.0,0.0,0.03490776,0.0,0.0,0.0,0.25,4,0.18232155679395462,0.06981552,0
092d6dc7-8891-4f62-828b-1730236bea71,0.032046508,0.0,0.0,0.0,0.032046508,0.0,0.0,0.0,0.25,5,0.1541506798272583,0.064093016,0
092d6dc7-8891-4f62-828b-1730236bea71,0.02961994,0.0,0.0,0.0,0.02961994,0.0,0.0,0.0,0.25,6,0.13353139262452263,0.05923988,0
092d6dc7-8891-4f62-828b-1730236bea71,0.025892692,0.0,0.0,0.0,0.025892692,0.0,0.0,0.0,0.25,7,0.11778303565638346,0.051785383,0
092d6dc7-8891-4f62-828b-1730236bea71,0.019741647,0.0,0.0,0.0,0.019741647,0.0,0.0,0.0,0.25,8,0.1053605156578263,0.039483294,0
092d6dc7-8891-4f62-828b-1730236bea71,0.019741647,0.0,0.0,0.0,0.019741647,0.0,0.0,0.0,0.25,9,0.09531017980432487,0.039483294,0
5e1a16f8-4384-42af-81a1-5bfb91ad5f4d,0.6755895,0.5414673,0.09164977,0.5414673,0.6755895,0.5414673,0.09164977,0.5414673,0.6,0,0.6931471805599453,1.351179,4
5e1a16f8-4384-42af-81a1-5bfb91ad5f4d,0.3656768,0.0,0.0,0.0,0.3656768,0.0,0.0,0.0,0.2,1,0.4054651081081644,0.7313536,0
5e1a16f8-4384-42af-81a1-5bfb91ad5f4d,0.2408159,0.0,0.0,0.0,0.2408159,0.0,0.0,0.0,0.2,2,0.2876820724517809,0.4816318,0
5e1a16f8-4384-42af-81a1-5bfb91ad5f4d,0.16557081,0.0,0.0,0.0,0.16557081,0.0,0.0,0.0,0.4,3,0.22314355131420976,0.33114162,0
5e1a16f8-4384-42af-81a1-5bfb91ad5f4d,0.14060411,0.0,0.0,0.0,0.14060411,0.0,0.0,0.0,0.2,4,0.18232155679395462,0.28120822,0
5e1a16f8-4384-42af-81a1-5bfb91ad5f4d,0.07701475,0.0,0.0,0.0,0.07701475,0.0,0.0,0.0,0.2,5,0.1541506798272583,0.1540295,0
5e1a16f8-4384-42af-81a1-5bfb91ad5f4d,0.046596736,0.0,0.0,0.0,0.046596736,0.0,0.0,0.0,0.2,6,0.13353139262452263,0.09319347,0
5e1a16f8-4384-42af-81a1-5bfb91ad5f4d,0.046596736,0.0,0.0,0.0,0.046596736,0.0,0.0,0.0,0.2,7,0.11778303565638346,0.09319347,0
5e1a16f8-4384-42af-81a1-5bfb91ad5f4d,0.04044569,0.0,0.0,0.0,0.04044569,0.0,0.0,0.0,0.2,8,0.1053605156578263,0.08089138,0
5e1a16f8-4384-42af-81a1-5bfb91ad5f4d,0.04044569,0.0,0.0,0.0,0.04044569,0.0,0.0,0.0,0.2,9,0.09531017980432487,0.08089138,0
a1fe8afd-f633-4ad6-8f50-79b4907c9005,2.1694815,1.5174913,0.69404095,1.5174913,2.1694815,1.5174913,0.69404095,1.5174913,0.75,0,0.6931471805599453,4.338963,4
a1fe8afd-f633-4ad6-8f50-79b4907c9005,0.4757986,0.034593176,0.0,0.034593176,0.4757986,0.034593176,0.0,0.034593176,0.25,1,0.4054651081081644,0.9515972,0
a1fe8afd-f633-4ad6-8f50-79b4907c9005,0.31572062,0.0,0.0,0.008648378,0.31572062,0.0,0.0,0.008648378,0.16666667,2,0.2876820724517809,0.63144124,0
a1fe8afd-f633-4ad6-8f50-79b4907c9005,0.30265653,0.0,0.0,0.0,0.30265653,0.0,0.0,0.0,0.25,3,0.22314355131420976,0.60531306,0
a1fe8afd-f633-4ad6-8f50-79b4907c9005,0.29619962,0.0,0.0,0.0,0.29619962,0.0,0.0,0.0,0.16666667,4,0.18232155679395462,0.59239924,0
a1fe8afd-f633-4ad6-8f50-79b4907c9005,0.29326937,0.0,0.0,0.0,0.29326937,0.0,0.0,0.0,0.16666667,5,0.1541506798272583,0.58653873,0
a1fe8afd-f633-4ad6-8f50-79b4907c9005,0.2820437,0.0,0.0,0.0,0.2820437,0.0,0.0,0.0,0.16666667,6,0.13353139262452263,0.5640874,0
a1fe8afd-f633-4ad6-8f50-79b4907c9005,0.2057616,0.0,0.0,0.0,0.2057616,0.0,0.0,0.0,0.083333336,7,0.11778303565638346,0.4115232,0
a1fe8afd-f633-4ad6-8f50-79b4907c9005,0.20047379,0.0,0.0,0.0,0.20047379,0.0,0.0,0.0,0.083333336,8,0.1053605156578263,0.40094757,0
a1fe8afd-f633-4ad6-8f50-79b4907c9005,0.17936987,0.0,0.0,0.0,0.17936987,0.0,0.0,0.0,0.083333336,9,0.09531017980432487,0.35873973,0
2cdc0501-3c4f-4644-8e75-31bf1939dcac,0.4658499,0.0,0.0,0.0,0.4658499,0.0,0.0,0.0,0.33333334,0,0.6931471805599453,0.9316998,4
2cdc0501-3c4f-4644-8e75-31bf1939dcac,0.0952659,0.0,0.0,0.0,0.0952659,0.0,0.0,0.0,0.33333334,1,0.4054651081081644,0.1905318,0
2cdc0501-3c4f-4644-8e75-31bf1939dcac,0.046990972,0.0,0.0,0.0,0.046990972,0.0,0.0,0.0,0.33333334,2,0.2876820724517809,0.093981944,0
2cdc0501-3c4f-4644-8e75-31bf1939dcac,0.03490776,0.0,0.0,0.0,0.03490776,0.0,0.0,0.0,0.33333334,3,0.22314355131420976,0.06981552,0
2cdc0501-3c4f-4644-8e75-31bf1939dcac,0.03490776,0.0,0.0,0.0,0.03490776,0.0,0.0,0.0,0.33333334,4,0.18232155679395462,0.06981552,0
2cdc0501-3c4f-4644-8e75-31bf1939dcac,0.032046508,0.0,0.0,0.0,0.032046508,0.0,0.0,0.0,0.33333334,5,0.1541506798272583,0.064093016,0
2cdc0501-3c4f-4644-8e75-31bf1939dcac,0.02961994,0.0,0.0,0.0,0.02961994,0.0,0.0,0.0,0.33333334,6,0.13353139262452263,0.05923988,0
2cdc0501-3c4f-4644-8e75-31bf1939dcac,0.025892692,0.0,0.0,0.0,0.025892692,0.0,0.0,0.0,0.33333334,7,0.11778303565638346,0.051785383,0
2cdc0501-3c4f-4644-8e75-31bf1939dcac,0.019741647,0.0,0.0,0.0,0.019741647,0.0,0.0,0.0,0.33333334,8,0.1053605156578263,0.039483294,0
2cdc0501-3c4f-4644-8e75-31bf1939dcac,0.019741647,0.0,0.0,0.0,0.019741647,0.0,0.0,0.0,0.33333334,9,0.09531017980432487,0.039483294,0
a3e30b73-b5e7-4b78-bc13-752f93f037d6,0.3656768,0.0,0.0,0.0,0.3656768,0.0,0.0,0.0,0.33333334,0,0.6931471805599453,0.7313536,0
a3e30b73-b5e7-4b78-bc13-752f93f037d6,0.26434636,0.0,0.0,0.0,0.26434636,0.0,0.0,0.0,0.33333334,1,0.4054651081081644,0.5286927,0
a3e30b73-b5e7-4b78-bc13-752f93f037d6,0.25204152,0.0,0.0,0.0,0.25204152,0.0,0.0,0.0,0.33333334,2,0.2876820724517809,0.50408304,4
a3e30b73-b5e7-4b78-bc13-752f93f037d6,0.12512513,0.0,0.0,0.0,0.12512513,0.0,0.0,0.0,0.33333334,3,0.22314355131420976,0.25025025,0
e90a0397-972b-46a7-acda-fa46795b3563,1.2871672,0.8133963,0.36565977,0.82771444,1.2871672,0.8133963,0.36565977,0.82771444,0.7,0,0.6931471805599453,2.5743344,4
e90a0397-972b-46a7-acda-fa46795b3563,0.4683931,0.0,0.057985023,0.0,0.4683931,0.0,0.057985023,0.0,0.4,1,0.4054651081081644,0.9367862,0
e90a0397-972b-46a7-acda-fa46795b3563,0.45544967,0.03577528,0.07582592,0.03577528,0.45544967,0.03577528,0.07582592,0.03577528,0.4,2,0.2876820724517809,0.91089934,0
e90a0397-972b-46a7-acda-fa46795b3563,0.33715037,0.0,0.1389524,0.0,0.33715037,0.0,0.1389524,0.0,0.3,3,0.22314355131420976,0.67430073,0
e90a0397-972b-46a7-acda-fa46795b3563,0.32963425,0.0,0.0,0.008648378,0.32963425,0.0,0.0,0.008648378,0.3,4,0.18232155679395462,0.6592685,0
e90a0397-972b-46a7-acda-fa46795b3563,0.29326937,0.0,0.0,0.0,0.29326937,0.0,0.0,0.0,0.3,5,0.1541506798272583,0.58653873,0
e90a0397-972b-46a7-acda-fa46795b3563,0.25441837,0.0,0.0,0.0,0.25441837,0.0,0.0,0.0,0.2,6,0.13353139262452263,0.50883675,0
e90a0397-972b-46a7-acda-fa46795b3563,0.2073185,0.0,0.03548639,0.0,0.2073185,0.0,0.03548639,0.0,0.2,7,0.11778303565638346,0.414637,0
e90a0397-972b-46a7-acda-fa46795b3563,0.20432292,0.0,0.0,0.0,0.20432292,0.0,0.0,0.0,0.3,8,0.1053605156578263,0.40864584,0
e90a0397-972b-46a7-acda-fa46795b3563,0.1905955,0.0,0.0,0.0,0.1905955,0.0,0.0,0.0,0.1,9,0.09531017980432487,0.381191,0
8ca1cdff-f6c7-4b5b-bfa3-df8f51813ec2,0.299775,0.055066343,0.036756825,0.08569446,0.299775,0.055066343,0.036756825,0.08569446,0.75,0,0.6931471805599453,0.59955,0
8ca1cdff-f6c7-4b5b-bfa3-df8f51813ec2,0.23494686,0.0,0.030410782,0.0,0.23494686,0.0,0.030410782,0.0,0.5,1,0.4054651081081644,0.46989372,3
8ca1cdff-f6c7-4b5b-bfa3-df8f51813ec2,0.1878859,0.0,0.0,0.0,0.1878859,0.0,0.0,0.0,0.75,2,0.2876820724517809,0.3757718,0
8ca1cdff-f6c7-4b5b-bfa3-df8f51813ec2,0.05032015,0.0,0.0,0.0,0.05032015,0.0,0.0,0.0,0.5,3,0.22314355131420976,0.1006403,0
8ca1cdff-f6c7-4b5b-bfa3-df8f51813ec2,0.046990972,0.0,0.0,0.0,0.046990972,0.0,0.0,0.0,0.25,4,0.18232155679395462,0.093981944,0
8ca1cdff-f6c7-4b5b-bfa3-df8f51813ec2,0.036464654,0.0,0.0,0.0,0.036464654,0.0,0.0,0.0,0.5,5,0.1541506798272583,0.07292931,0
8ca1cdff-f6c7-4b5b-bfa3-df8f51813ec2,0.03490776,0.0,0.0,0.0,0.03490776,0.0,0.0,0.0,0.25,6,0.13353139262452263,0.06981552,0
8ca1cdff-f6c7-4b5b-bfa3-df8f51813ec2,0.03490776,0.0,0.0,0.0,0.03490776,0.0,0.0,0.0,0.25,7,0.11778303565638346,0.06981552,0
8ca1cdff-f6c7-4b5b-bfa3-df8f51813ec2,0.033655267,0.0,0.0,0.0,0.033655267,0.0,0.0,0.0,0.5,8,0.1053605156578263,0.067310534,0
8ca1cdff-f6c7-4b5b-bfa3-df8f51813ec2,0.029010158,0.006085472,0.0,0.006085472,0.029010158,0.006085472,0.0,0.006085472,0.5,9,0.09531017980432487,0.058020316,0
bf115dac-f06a-464b-b715-43324f431951,0.45493907,0.22813636,0.0,0.22813636,0.45493907,0.22813636,0.0,0.22813636,0.5,0,0.6931471805599453,0.90987813,0
bf115dac-f06a-464b-b715-43324f431951,0.44263703,0.13403518,0.0,0.13403518,0.44263703,0.13403518,0.0,0.13403518,0.5,1,0.4054651081081644,0.88527405,0
bf115dac-f06a-464b-b715-43324f431951,0.3656768,0.0,0.0,0.0,0.3656768,0.0,0.0,0.0,0.25,2,0.2876820724517809,0.7313536,0
bf115dac-f06a-464b-b715-43324f431951,0.20290035,0.0,0.0,0.0,0.20290035,0.0,0.0,0.0,0.25,3,0.22314355131420976,0.4058007,3
bf115dac-f06a-464b-b715-43324f431951,0.12512513,0.0,0.0,0.0,0.12512513,0.0,0.0,0.0,0.25,4,0.18232155679395462,0.25025025,0
1c9899ff-abe9-4b15-9d4a-1411392b8e34,0.601582,0.09182317,0.1259143,0.10047155,0.601582,0.09182317,0.1259143,0.10047155,0.8,0,0.6931471805599453,1.203164,0
1c9899ff-abe9-4b15-9d4a-1411392b8e34,0.48115528,0.0,0.0,0.0,0.48115528,0.0,0.0,0.0,0.8,1,0.4054651081081644,0.96231055,0
1c9899ff-abe9-4b15-9d4a-1411392b8e34,0.24066935,0.0,0.120975785,0.0,0.24066935,0.0,0.120975785,0.0,0.4,2,0.2876820724517809,0.4813387,0
1c9899ff-abe9-4b15-9d4a-1411392b8e34,0.23494686,0.0,0.0,0.030410782,0.23494686,0.0,0.0,0.030410782,0.4,3,0.22314355131420976,0.46989372,3
1c9899ff-abe9-4b15-9d4a-1411392b8e34,0.23009372,0.0,0.06806679,0.0,0.23009372,0.0,0.06806679,0.0,0.4,4,0.18232155679395462,0.46018744,0
1c9899ff-abe9-4b15-9d4a-1411392b8e34,0.21033713,0.0,0.0,0.0,0.21033713,0.0,0.0,0.0,0.4,5,0.1541506798272583,0.42067426,0
1c9899ff-abe9-4b15-9d4a-1411392b8e34,0.17936987,0.0,0.0,0.0,0.17936987,0.0,0.0,0.0,0.2,6,0.13353139262452263,0.35873973,0
1c9899ff-abe9-4b15-9d4a-1411392b8e34,0.13127618,0.0,0.0,0.0,0.13127618,0.0,0.0,0.0,0.2,7,0.11778303565638346,0.26255235,0
1c9899ff-abe9-4b15-9d4a-1411392b8e34,0.122415535,0.04384072,0.0,0.04384072,0.122415535,0.04384072,0.0,0.04384072,0.4,8,0.1053605156578263,0.24483107,0
1c9899ff-abe9-4b15-9d4a-1411392b8e34,0.11389951,0.0,0.0,0.0,0.11389951,0.0,0.0,0.0,0.2,9,0.09531017980432487,0.22779901,0
0e171bff-a057-48e6-b5c5-cb40a88efda2,0.37080023,0.0,0.0,0.0,0.37080023,0.0,0.0,0.0,0.33333334,0,0.6931471805599453,0.74160045,3
0e171bff-a057-48e6-b5c5-cb40a88efda2,0.0952659,0.0,0.0,0.0,0.0952659,0.0,0.0,0.0,0.33333334,1,0.4054651081081644,0.1905318,0
0e171bff-a057-48e6-b5c5-cb40a88efda2,0.046990972,0.0,0.0,0.0,0.046990972,0.0,0.0,0.0,0.33333334,2,0.2876820724517809,0.093981944,0
0e171bff-a057-48e6-b5c5-cb40a88efda2,0.03490776,0.0,0.0,0.0,0.03490776,0.0,0.0,0.0,0.33333334,3,0.22314355131420976,0.06981552,0
0e171bff-a057-48e6-b5c5-cb40a88efda2,0.03490776,0.0,0.0,0.0,0.03490776,0.0,0.0,0.0,0.33333334,4,0.18232155679395462,0.06981552,0
0e171bff-a057-48e6-b5c5-cb40a88efda2,0.032046508,0.0,0.0,0.0,0.032046508,0.0,0.0,0.0,0.33333334,5,0.1541506798272583,0.064093016,0
0e171bff-a057-48e6-b5c5-cb40a88efda2,0.02961994,0.0,0.0,0.0,0.02961994,0.0,0.0,0.0,0.33333334,6,0.13353139262452263,0.05923988,0
0e171bff-a057-48e6-b5c5-cb40a88efda2,0.025892692,0.0,0.0,0.0,0.025892692,0.0,0.0,0.0,0.33333334,7,0.11778303565638346,0.051785383,0
0e171bff-a057-48e6-b5c5-cb40a88efda2,0.019741647,0.0,0.0,0.0,0.019741647,0.0,0.0,0.0,0.33333334,8,0.1053605156578263,0.039483294,0
0e171bff-a057-48e6-b5c5-cb40a88efda2,0.019741647,0.0,0.0,0.0,0.019741647,0.0,0.0,0.0,0.33333334,9,0.09531017980432487,0.039483294,0
5836e187-fbf0-4901-870a-1cf3d183ce48,0.3656768,0.0,0.0,0.0,0.3656768,0.0,0.0,0.0,0.5,0,0.6931471805599453,0.7313536,0
5836e187-fbf0-4901-870a-1cf3d183ce48,0.30866393,0.049686126,0.0,0.049686126,0.30866393,0.049686126,0.0,0.049686126,0.33333334,1,0.4054651081081644,0.61732787,0
5836e187-fbf0-4901-870a-1cf3d183ce48,0.22588511,0.11265297,0.041248433,0.11265297,0.22588511,0.11265297,0.041248433,0.11265297,0.6666667,2,0.2876820724517809,0.45177022,3
5836e187-fbf0-4901-870a-1cf3d183ce48,0.22588511,0.11265297,0.041248433,0.11265297,0.22588511,0.11265297,0.041248433,0.11265297,0.6666667,3,0.22314355131420976,0.45177022,0
5836e187-fbf0-4901-870a-1cf3d183ce48,0.17063764,0.0542591,0.0,0.0542591,0.17063764,0.0542591,0.0,0.0542591,0.6666667,4,0.18232155679395462,0.34127527,0
5836e187-fbf0-4901-870a-1cf3d183ce48,0.16070715,0.0,0.0,0.0,0.16070715,0.0,0.0,0.0,0.33333334,5,0.1541506798272583,0.3214143,0
5836e187-fbf0-4901-870a-1cf3d183ce48,0.12512513,0.01810592,0.0,0.01810592,0.12512513,0.01810592,0.0,0.01810592,0.33333334,6,0.13353139262452263,0.25025025,0
5836e187-fbf0-4901-870a-1cf3d183ce48,0.11262399,0.0,0.013913619,0.0,0.11262399,0.0,0.013913619,0.0,0.5,7,0.11778303565638346,0.22524798,0
5836e187-fbf0-4901-870a-1cf3d183ce48,0.11175518,0.0,0.0,0.0,0.11175518,0.0,0.0,0.0,0.16666667,8,0.1053605156578263,0.22351035,0
5836e187-fbf0-4901-870a-1cf3d183ce48,0.078968726,0.0,0.0,0.0,0.078968726,0.0,0.0,0.0,0.16666667,9,0.09531017980432487,0.15793745,0
0a5bd912-9e8e-42b0-864c-e01b227c46e9,0.3865189,0.0,0.0,0.0,0.3865189,0.0,0.0,0.0,0.5,0,0.6931471805599453,0.7730378,3
0a5bd912-9e8e-42b0-864c-e01b227c46e9,0.31572062,0.0,0.0,0.008648378,0.31572062,0.0,0.0,0.008648378,0.5,1,0.4054651081081644,0.63144124,0
0a5bd912-9e8e-42b0-864c-e01b227c46e9,0.29326937,0.0,0.0,0.0,0.29326937,0.0,0.0,0.0,0.5,2,0.2876820724517809,0.58653873,0
0a5bd912-9e8e-42b0-864c-e01b227c46e9,0.2057616,0.0,0.0,0.0,0.2057616,0.0,0.0,0.0,0.25,3,0.22314355131420976,0.4115232,0
0a5bd912-9e8e-42b0-864c-e01b227c46e9,0.14699483,0.0,0.0,0.0,0.14699483,0.0,0.0,0.0,0.5,4,0.18232155679395462,0.29398966,0
0a5bd912-9e8e-42b0-864c-e01b227c46e9,0.14121732,0.0,0.0,0.0,0.14121732,0.0,0.0,0.0,0.5,5,0.1541506798272583,0.28243464,0
0a5bd912-9e8e-42b0-864c-e01b227c46e9,0.11389951,0.0,0.0,0.0,0.11389951,0.0,0.0,0.0,0.25,6,0.13353139262452263,0.22779901,0
0a5bd912-9e8e-42b0-864c-e01b227c46e9,0.027317822,0.0,0.0,0.0,0.027317822,0.0,0.0,0.0,0.25,7,0.11778303565638346,0.054635644,0
0a5bd912-9e8e-42b0-864c-e01b227c46e9,0.027317822,0.0,0.0,0.0,0.027317822,0.0,0.0,0.0,0.25,8,0.1053605156578263,0.054635644,0
0a5bd912-9e8e-42b0-864c-e01b227c46e9,0.027317822,0.0,0.0,0.0,0.027317822,0.0,0.0,0.0,0.25,9,0.09531017980432487,0.054635644,0
ec01a80c-d492-4f3c-a7b6-eb77127dffaf,0.38439083,0.0,0.0,0.030578502,0.38439083,0.0,0.0,0.030578502,0.6666667,0,0.6931471805599453,0.76878166,1
ec01a80c-d492-4f3c-a7b6-eb77127dffaf,0.0952659,0.0,0.0,0.0,0.0952659,0.0,0.0,0.0,0.33333334,1,0.4054651081081644,0.1905318,0
ec01a80c-d492-4f3c-a7b6-eb77127dffaf,0.046990972,0.0,0.0,0.0,0.046990972,0.0,0.0,0.0,0.33333334,2,0.2876820724517809,0.093981944,4
ec01a80c-d492-4f3c-a7b6-eb77127dffaf,0.03490776,0.0,0.0,0.0,0.03490776,0.0,0.0,0.0,0.33333334,3,0.22314355131420976,0.06981552,4
ec01a80c-d492-4f3c-a7b6-eb77127dffaf,0.03490776,0.0,0.0,0.0,0.03490776,0.0,0.0,0.0,0.33333334,4,0.18232155679395462,0.06981552,0
ec01a80c-d492-4f3c-a7b6-eb77127dffaf,0.032046508,0.0,0.0,0.0,0.032046508,0.0,0.0,0.0,0.33333334,5,0.1541506798272583,0.064093016,0
ec01a80c-d492-4f3c-a7b6-eb77127dffaf,0.02961994,0.0,0.0,0.0,0.02961994,0.0,0.0,0.0,0.33333334,6,0.13353139262452263,0.05923988,0
ec01a80c-d492-4f3c-a7b6-eb77127dffaf,0.025892692,0.0,0.0,0.0,0.025892692,0.0,0.0,0.0,0.33333334,7,0.11778303565638346,0.051785383,0
ec01a80c-d492-4f3c-a7b6-eb77127dffaf,0.019741647,0.0,0.0,0.0,0.019741647,0.0,0.0,0.0,0.33333334,8,0.1053605156578263,0.039483294,0
ec01a80c-d492-4f3c-a7b6-eb77127dffaf,0.019741647,0.0,0.0,0.0,0.019741647,0.0,0.0,0.0,0.33333334,9,0.09531017980432487,0.039483294,0
04dd1ed0-7adf-439c-ac96-e9d891251d41,0.3656768,0.0,0.0,0.0,0.3656768,0.0,0.0,0.0,0.33333334,0,0.6931471805599453,0.7313536,0
04dd1ed0-7adf-439c-ac96-e9d891251d41,0.15798089,0.0,0.0,0.0,0.15798089,0.0,0.0,0.0,0.33333334,1,0.4054651081081644,0.31596178,0
04dd1ed0-7adf-439c-ac96-e9d891251d41,0.15182984,0.0,0.0,0.0,0.15182984,0.0,0.0,0.0,0.33333334,2,0.2876820724517809,0.30365968,4
04dd1ed0-7adf-439c-ac96-e9d891251d41,0.15182984,0.0,0.0,0.0,0.15182984,0.0,0.0,0.0,0.33333334,3,0.22314355131420976,0.30365968,0
04dd1ed0-7adf-439c-ac96-e9d891251d41,0.14060421,0.0,0.0,0.0,0.14060421,0.0,0.0,0.0,0.33333334,4,0.18232155679395462,0.28120843,0
04dd1ed0-7adf-439c-ac96-e9d891251d41,0.12512513,0.0,0.0,0.0,0.12512513,0.0,0.0,0.0,0.33333334,5,0.1541506798272583,0.25025025,0
bce4591c-9177-443c-b76b-7ffc91d4b919,1.581326,1.2259781,0.6699048,1.2259781,1.581326,1.2259781,0.6699048,1.2259781,0.75,0,0.6931471805599453,3.162652,4
bce4591c-9177-443c-b76b-7ffc91d4b919,0.45560515,0.049904007,0.0,0.049904007,0.45560515,0.049904007,0.0,0.049904007,0.5,1,0.4054651081081644,0.9112103,0
bce4591c-9177-443c-b76b-7ffc91d4b919,0.44446978,0.10467589,0.0,0.10467589,0.44446978,0.10467589,0.0,0.10467589,0.33333334,2,0.2876820724517809,0.88893956,0
bce4591c-9177-443c-b76b-7ffc91d4b919,0.35399124,0.10467589,0.0,0.10467589,0.35399124,0.10467589,0.0,0.10467589,0.33333334,3,0.22314355131420976,0.7079825,0
bce4591c-9177-443c-b76b-7ffc91d4b919,0.2858614,0.0,0.0,0.0,0.2858614,0.0,0.0,0.0,0.16666667,4,0.18232155679395462,0.5717228,0
bce4591c-9177-443c-b76b-7ffc91d4b919,0.2408159,0.0,0.0,0.0,0.2408159,0.0,0.0,0.0,0.083333336,5,0.1541506798272583,0.4816318,0
bce4591c-9177-443c-b76b-7ffc91d4b919,0.24066935,0.0,0.0,0.0,0.24066935,0.0,0.0,0.0,0.16666667,6,0.13353139262452263,0.4813387,0
bce4591c-9177-443c-b76b-7ffc91d4b919,0.1267501,0.023971844,0.0,0.023971844,0.1267501,0.023971844,0.0,0.023971844,0.33333334,7,0.11778303565638346,0.2535002,0
bce4591c-9177-443c-b76b-7ffc91d4b919,0.095467106,0.0,0.0,0.0,0.095467106,0.0,0.0,0.0,0.16666667,8,0.1053605156578263,0.19093421,0
bce4591c-9177-443c-b76b-7ffc91d4b919,0.08316501,0.0,0.0,0.0,0.08316501,0.0,0.0,0.0,0.16666667,9,0.09531017980432487,0.16633002,0
d07c8ae2-93b6-411e-a4c8-e8b61088a2f6,0.53753066,0.19138528,0.0,0.19138528,0.53753066,0.19138528,0.0,0.19138528,0.5,0,0.6931471805599453,1.0750613,4
d07c8ae2-93b6-411e-a4c8-e8b61088a2f6,0.5286927,0.18254739,0.0,0.18254739,0.5286927,0.18254739,0.0,0.18254739,0.5,1,0.4054651081081644,1.0573854,0
d07c8ae2-93b6-411e-a4c8-e8b61088a2f6,0.0952659,0.0,0.0,0.0,0.0952659,0.0,0.0,0.0,0.25,2,0.2876820724517809,0.1905318,0
d07c8ae2-93b6-411e-a4c8-e8b61088a2f6,0.046990972,0.0,0.0,0.0,0.046990972,0.0,0.0,0.0,0.25,3,0.22314355131420976,0.093981944,0
d07c8ae2-93b6-411e-a4c8-e8b61088a2f6,0.03490776,0.0,0.0,0.0,0.03490776,0.0,0.0,0.0,0.25,4,0.18232155679395462,0.06981552,0
d07c8ae2-93b6-411e-a4c8-e8b61088a2f6,0.03490776,0.0,0.0,0.0,0.03490776,0.0,0.0,0.0,0.25,5,0.1541506798272583,0.06981552,0
d07c8ae2-93b6-411e-a4c8-e8b61088a2f6,0.032046508,0.0,0.0,0.0,0.032046508,0.0,0.0,0.0,0.25,6,0.13353139262452263,0.064093016,0
d07c8ae2-93b6-411e-a4c8-e8b61088a2f6,0.02961994,0.0,0.0,0.0,0.02961994,0.0,0.0,0.0,0.25,7,0.11778303565638346,0.05923988,0
d07c8ae2-93b6-411e-a4c8-e8b61088a2f6,0.025892692,0.0,0.0,0.0,0.025892692,0.0,0.0,0.0,0.25,8,0.1053605156578263,0.051785383,0
d07c8ae2-93b6-411e-a4c8-e8b61088a2f6,0.019741647,0.0,0.0,0.0,0.019741647,0.0,0.0,0.0,0.25,9,0.09531017980432487,0.039483294,0
da9fcfc8-1fd9-4ffc-b1ea-e71074a8e278,0.3656768,0.0,0.0,0.0,0.3656768,0.0,0.0,0.0,0.33333334,0,0.6931471805599453,0.7313536,0
da9fcfc8-1fd9-4ffc-b1ea-e71074a8e278,0.16855365,0.0,0.0,0.0,0.16855365,0.0,0.0,0.0,0.33333334,1,0.4054651081081644,0.3371073,4
da9fcfc8-1fd9-4ffc-b1ea-e71074a8e278,0.16855365,0.0,0.0,0.0,0.16855365,0.0,0.0,0.0,0.33333334,2,0.2876820724517809,0.3371073,0
da9fcfc8-1fd9-4ffc-b1ea-e71074a8e278,0.1641347,0.0,0.0,0.0,0.1641347,0.0,0.0,0.0,0.33333334,3,0.22314355131420976,0.3282694,0
da9fcfc8-1fd9-4ffc-b1ea-e71074a8e278,0.1641347,0.0,0.0,0.0,0.1641347,0.0,0.0,0.0,0.33333334,4,0.18232155679395462,0.3282694,0
da9fcfc8-1fd9-4ffc-b1ea-e71074a8e278,0.12512513,0.0,0.0,0.0,0.12512513,0.0,0.0,0.0,0.33333334,5,0.1541506798272583,0.25025025,0
7d285703-9478-48ac-bc58-54e762f6b2e9,0.53753066,0.19138528,0.0,0.19138528,0.53753066,0.19138528,0.0,0.19138528,0.4,0,0.6931471805599453,1.0750613,4
7d285703-9478-48ac-bc58-54e762f6b2e9,0.5286927,0.18254739,0.0,0.18254739,0.5286927,0.18254739,0.0,0.18254739,0.4,1,0.4054651081081644,1.0573854,0
7d285703-9478-48ac-bc58-54e762f6b2e9,0.37080023,0.0,0.0,0.0,0.37080023,0.0,0.0,0.0,0.2,2,0.2876820724517809,0.74160045,0
7d285703-9478-48ac-bc58-54e762f6b2e9,0.31572062,0.0,0.0,0.008648378,0.31572062,0.0,0.0,0.008648378,0.4,3,0.22314355131420976,0.63144124,0
7d285703-9478-48ac-bc58-54e762f6b2e9,0.29326937,0.0,0.0,0.0,0.29326937,0.0,0.0,0.0,0.4,4,0.18232155679395462,0.58653873,0
7d285703-9478-48ac-bc58-54e762f6b2e9,0.2057616,0.0,0.0,0.0,0.2057616,0.0,0.0,0.0,0.2,5,0.1541506798272583,0.4115232,0
7d285703-9478-48ac-bc58-54e762f6b2e9,0.13127618,0.0,0.0,0.0,0.13127618,0.0,0.0,0.0,0.2,6,0.13353139262452263,0.26255235,0
7d285703-9478-48ac-bc58-54e762f6b2e9,0.11389951,0.0,0.0,0.0,0.11389951,0.0,0.0,0.0,0.2,7,0.11778303565638346,0.22779901,0
7d285703-9478-48ac-bc58-54e762f6b2e9,0.11389951,0.0,0.0,0.0,0.11389951,0.0,0.0,0.0,0.2,8,0.1053605156578263,0.22779901,0
